date,tw,tw_flag
2016-09-01,23.3,
2016-09-02,23.5,)
2016-09-03,23.7,
2016-09-04,23.8,
2016-09-05,24.8,
2016-09-06,24.1,
2016-09-07,23.8,
2016-09-08,23.9,
2016-09-09,24.4,
2016-09-10,24.8,
2016-09-11,24.9,
2016-09-12,24.6,
2016-09-13,24.4,
2016-09-14,23.8,
2016-09-15,23.9,
2016-09-16,23.4,
2016-09-17,23.5,
2016-09-18,23.7,
2016-09-19,23.5,
2016-09-20,23.2,)
2016-09-21,22.6,
2016-09-22,22.0,
2016-09-23,22.3,
2016-09-24,23.6,
2016-09-25,23.9,
2016-09-26,24.5,
2016-09-27,,x
2016-09-28,,null
2016-09-29,,null
2016-09-30,,null
2016-10-01,,null
2016-10-02,,null
2016-10-03,,null
2016-10-04,,null
2016-10-05,,null
2016-10-06,,null
2016-10-07,,null
2016-10-08,,null
2016-10-09,,null
2016-10-10,,null
2016-10-11,,x
2016-10-12,23.9,
2016-10-13,21.4,
2016-10-14,,x
2016-10-15,,x
2016-10-16,31.0,
2016-10-17,30.3,
2016-10-18,25.0,
2016-10-19,20.1,
2016-10-20,20.0,
2016-10-21,20.2,
2016-10-22,20.6,
2016-10-23,20.3,
2016-10-24,20.3,
2016-10-25,20.3,
2016-10-26,20.1,
2016-10-27,20.2,
2016-10-28,20.4,
2016-10-29,20.2,
2016-10-30,20.2,
2016-10-31,20.1,
2016-11-01,19.7,
2016-11-02,19.4,
2016-11-03,19.2,
2016-11-04,19.1,
2016-11-05,18.7,
2016-11-06,18.8,
2016-11-07,18.8,
2016-11-08,18.7,]
2016-11-09,18.4,
2016-11-10,18.3,
2016-11-11,18.1,
2016-11-12,18.0,
2016-11-13,17.9,
2016-11-14,17.9,
2016-11-15,17.8,
2016-11-16,17.7,
2016-11-17,17.6,
2016-11-18,17.6,
2016-11-19,17.6,
2016-11-20,17.6,
2016-11-21,17.6,
2016-11-22,17.5,
2016-11-23,17.3,
2016-11-24,17.1,
2016-11-25,17.0,
2016-11-26,16.8,
2016-11-27,16.7,
2016-11-28,16.7,
2016-11-29,16.7,
2016-11-30,16.6,
2016-12-01,16.6,
2016-12-02,16.4,
2016-12-03,16.4,
2016-12-04,16.2,
2016-12-05,16.2,
2016-12-06,16.2,
2016-12-07,16.1,
2016-12-08,16.1,
2016-12-09,16.0,
2016-12-10,15.8,
2016-12-11,15.7,
2016-12-12,15.6,
2016-12-13,15.7,
2016-12-14,15.9,
2016-12-15,15.7,
2016-12-16,15.4,
2016-12-17,15.2,
2016-12-18,15.0,
2016-12-19,15.0,
2016-12-20,15.0,
2016-12-21,15.0,
2016-12-22,14.9,
2016-12-23,14.7,
2016-12-24,14.5,
2016-12-25,14.4,
2016-12-26,14.2,
2016-12-27,14.3,
2016-12-28,14.2,
2016-12-29,14.2,
2016-12-30,14.2,
2016-12-31,14.1,
2017-01-01,13.9,
2017-01-02,13.7,
2017-01-03,13.7,
2017-01-04,13.5,
2017-01-05,13.4,
2017-01-06,13.3,
2017-01-07,13.2,
2017-01-08,13.3,
2017-01-09,13.1,
2017-01-10,13.6,
2017-01-11,13.4,
2017-01-12,13.4,]
2017-01-13,13.3,
2017-01-14,13.2,
2017-01-15,13.3,
2017-01-16,13.0,
2017-01-17,12.6,
2017-01-18,12.6,
2017-01-19,12.7,
2017-01-20,12.5,
2017-01-21,12.6,
2017-01-22,12.2,
2017-01-23,12.9,
2017-01-24,12.4,
2017-01-25,11.9,
2017-01-26,11.6,
2017-01-27,11.8,
2017-01-28,12.2,
2017-01-29,12.0,
2017-01-30,12.3,
2017-01-31,12.1,
2017-02-01,12.0,
2017-02-02,12.0,
2017-02-03,12.2,
2017-02-04,12.2,
2017-02-05,12.1,
2017-02-06,12.4,
2017-02-07,12.3,
2017-02-08,12.2,
2017-02-09,12.3,
2017-02-10,12.3,
2017-02-11,12.1,]
2017-02-12,12.1,
2017-02-13,12.0,
2017-02-14,12.0,
2017-02-15,,x
2017-02-16,,null
2017-02-17,,null
2017-02-18,,null
2017-02-19,,null
2017-02-20,,null
2017-02-21,,null
2017-02-22,,null
2017-02-23,,null
2017-02-24,,null
2017-02-25,,x
2017-02-26,11.6,
2017-02-27,11.6,
2017-02-28,11.5,
2017-03-01,11.5,
2017-03-02,11.6,
2017-03-03,11.7,
2017-03-04,11.7,
2017-03-05,11.6,]
2017-03-06,11.6,
2017-03-07,11.5,)
2017-03-08,11.6,
2017-03-09,11.4,
2017-03-10,11.5,
2017-03-11,11.6,
2017-03-12,11.8,
2017-03-13,11.6,
2017-03-14,11.7,
2017-03-15,11.8,
2017-03-16,12.0,
2017-03-17,12.2,
2017-03-18,12.0,
2017-03-19,12.0,
2017-03-20,12.3,
2017-03-21,12.4,
2017-03-22,12.4,
2017-03-23,12.4,
2017-03-24,12.5,
2017-03-25,12.6,
2017-03-26,12.7,
2017-03-27,12.8,
2017-03-28,12.8,
2017-03-29,12.7,
2017-03-30,13.1,
2017-03-31,12.9,
2017-04-01,13.0,
2017-04-02,13.1,
2017-04-03,13.2,
2017-04-04,13.6,
2017-04-05,13.4,
2017-04-06,13.3,
2017-04-07,13.6,
2017-04-08,13.8,
2017-04-09,13.6,
2017-04-10,13.5,
2017-04-11,13.4,
2017-04-12,13.6,
2017-04-13,13.6,
2017-04-14,13.8,
2017-04-15,14.1,
2017-04-16,14.3,
2017-04-17,14.0,
2017-04-18,14.1,
2017-04-19,14.1,
2017-04-20,14.1,
2017-04-21,14.4,
2017-04-22,14.3,
2017-04-23,14.6,
2017-04-24,14.7,
2017-04-25,14.3,
2017-04-26,14.3,
2017-04-27,14.2,
2017-04-28,14.2,
2017-04-29,14.5,
2017-04-30,14.5,
2017-05-01,14.5,
2017-05-02,14.5,
2017-05-03,15.1,
2017-05-04,15.5,
2017-05-05,16.0,
2017-05-06,15.7,
2017-05-07,15.1,
2017-05-08,15.2,
2017-05-09,14.8,
2017-05-10,15.0,
2017-05-11,15.1,
2017-05-12,15.0,
2017-05-13,15.1,
2017-05-14,15.3,
2017-05-15,15.1,
2017-05-16,15.4,
2017-05-17,16.1,
2017-05-18,16.1,
2017-05-19,16.2,
2017-05-20,16.2,
2017-05-21,16.3,
2017-05-22,16.7,
2017-05-23,16.6,
2017-05-24,15.8,
2017-05-25,15.6,
2017-05-26,15.6,
2017-05-27,15.7,
2017-05-28,15.7,
2017-05-29,16.3,
2017-05-30,16.6,
2017-05-31,16.4,
2017-06-01,16.2,
2017-06-02,16.4,
2017-06-03,16.7,
2017-06-04,17.0,
2017-06-05,16.9,
2017-06-06,16.9,
2017-06-07,17.2,
2017-06-08,17.1,
2017-06-09,17.0,]
2017-06-10,16.5,]
2017-06-11,16.5,
2017-06-12,16.5,
2017-06-13,17.1,
2017-06-14,17.5,
2017-06-15,17.6,
2017-06-16,17.6,
2017-06-17,18.6,
2017-06-18,19.2,
2017-06-19,19.4,
2017-06-20,18.6,
2017-06-21,18.7,
2017-06-22,18.4,
2017-06-23,18.1,
2017-06-24,17.9,
2017-06-25,17.6,
2017-06-26,17.6,
2017-06-27,17.7,
2017-06-28,18.2,
2017-06-29,18.1,
2017-06-30,18.5,
2017-07-01,18.7,
2017-07-02,19.1,
2017-07-03,19.3,]
2017-07-04,19.8,
2017-07-05,20.6,
2017-07-06,20.3,
2017-07-07,20.0,
2017-07-08,,x
2017-07-09,,x
2017-07-10,,x
2017-07-11,,null
2017-07-12,,null
2017-07-13,,null
2017-07-14,,null
2017-07-15,,x
2017-07-16,19.3,
2017-07-17,19.4,
2017-07-18,19.7,]
2017-07-19,19.4,
2017-07-20,19.0,
2017-07-21,18.9,
2017-07-22,19.4,
2017-07-23,18.4,
2017-07-24,18.1,
2017-07-25,17.9,
2017-07-26,19.3,
2017-07-27,21.6,
2017-07-28,22.2,
2017-07-29,21.4,
2017-07-30,23.2,
2017-07-31,24.0,
2017-08-01,24.5,
2017-08-02,25.2,
2017-08-03,25.7,
2017-08-04,27.5,
2017-08-05,27.9,
2017-08-06,28.2,
2017-08-07,28.0,
2017-08-08,27.0,
2017-08-09,26.2,
2017-08-10,24.8,
2017-08-11,24.6,
2017-08-12,26.2,
2017-08-13,26.4,
2017-08-14,26.7,
2017-08-15,27.2,
2017-08-16,27.4,
2017-08-17,27.1,
2017-08-18,27.3,
2017-08-19,26.2,
2017-08-20,25.5,
2017-08-21,25.2,
2017-08-22,24.3,
2017-08-23,23.7,
2017-08-24,23.1,
2017-08-25,23.0,
2017-08-26,22.6,
2017-08-27,24.4,
2017-08-28,25.1,
2017-08-29,25.1,
2017-08-30,25.6,
2017-08-31,25.4,
2017-09-01,25.7,
2017-09-02,25.5,
2017-09-03,25.8,
2017-09-04,25.6,
2017-09-05,25.6,
2017-09-06,25.2,
2017-09-07,24.6,
2017-09-08,24.1,
2017-09-09,23.6,
2017-09-10,23.4,
2017-09-11,23.4,
2017-09-12,24.1,
2017-09-13,23.4,
2017-09-14,23.8,
2017-09-15,23.9,
2017-09-16,23.5,
2017-09-17,23.5,
2017-09-18,23.7,
2017-09-19,23.3,
2017-09-20,22.7,
2017-09-21,22.3,
2017-09-22,22.0,
2017-09-23,21.6,
2017-09-24,21.7,
2017-09-25,22.0,
2017-09-26,23.1,
2017-09-27,23.0,
2017-09-28,22.9,
2017-09-29,22.4,
2017-09-30,22.6,
2017-10-01,22.3,
2017-10-02,22.5,
2017-10-03,22.0,
2017-10-04,21.8,
2017-10-05,21.1,
2017-10-06,20.8,
2017-10-07,20.5,
2017-10-08,20.6,
2017-10-09,20.3,
2017-10-10,19.9,
2017-10-11,19.3,
2017-10-12,19.0,
2017-10-13,18.9,
2017-10-14,19.2,
2017-10-15,19.5,
2017-10-16,19.5,
2017-10-17,19.5,
2017-10-18,19.0,
2017-10-19,18.9,
2017-10-20,18.9,
2017-10-21,18.9,
2017-10-22,18.9,
2017-10-23,18.9,
2017-10-24,18.9,
2017-10-25,18.9,
2017-10-26,18.9,
2017-10-27,19.0,
2017-10-28,18.9,
2017-10-29,18.7,
2017-10-30,18.6,
2017-10-31,18.6,
2017-11-01,18.6,
2017-11-02,18.6,
2017-11-03,18.5,
2017-11-04,18.0,
2017-11-05,17.8,
2017-11-06,17.5,
2017-11-07,17.3,
2017-11-08,17.1,
2017-11-09,16.6,
2017-11-10,16.7,
2017-11-11,16.4,
2017-11-12,16.4,
2017-11-13,17.0,
2017-11-14,17.3,
2017-11-15,17.1,
2017-11-16,16.9,
2017-11-17,16.8,
2017-11-18,16.6,
2017-11-19,16.2,
2017-11-20,16.1,
2017-11-21,16.0,
2017-11-22,15.9,
2017-11-23,15.9,
2017-11-24,15.7,
2017-11-25,15.7,
2017-11-26,15.6,
2017-11-27,15.5,
2017-11-28,15.6,
2017-11-29,15.5,
2017-11-30,15.4,)
2017-12-01,15.2,
2017-12-02,15.0,
2017-12-03,14.8,
2017-12-04,14.8,
2017-12-05,14.6,
2017-12-06,14.5,
2017-12-07,14.4,
2017-12-08,14.3,
2017-12-09,14.1,
2017-12-10,14.0,
2017-12-11,13.8,
2017-12-12,13.5,
2017-12-13,13.5,
2017-12-14,13.6,
2017-12-15,13.4,
2017-12-16,13.2,
2017-12-17,13.3,
2017-12-18,13.2,
2017-12-19,13.1,
2017-12-20,13.1,
2017-12-21,13.0,
2017-12-22,13.2,
2017-12-23,13.2,
2017-12-24,13.1,
2017-12-25,13.2,
2017-12-26,13.2,
2017-12-27,13.3,
2017-12-28,12.9,
2017-12-29,12.8,
2017-12-30,13.0,
2017-12-31,12.7,]
2018-01-01,12.9,]
2018-01-02,12.9,
2018-01-03,12.9,
2018-01-04,12.8,
2018-01-05,12.6,
2018-01-06,12.5,
2018-01-07,12.5,
2018-01-08,12.5,
2018-01-09,12.2,
2018-01-10,12.2,)
2018-01-11,12.0,
2018-01-12,11.8,
2018-01-13,11.6,
2018-01-14,11.5,
2018-01-15,11.5,
2018-01-16,11.6,
2018-01-17,11.9,
2018-01-18,12.0,
2018-01-19,12.0,
2018-01-20,11.9,
2018-01-21,12.1,
2018-01-22,11.7,
2018-01-23,11.4,
2018-01-24,11.2,
2018-01-25,11.1,
2018-01-26,10.9,
2018-01-27,10.6,
2018-01-28,10.5,
2018-01-29,10.6,
2018-01-30,10.6,
2018-01-31,10.5,
2018-02-01,10.7,
2018-02-02,10.5,
2018-02-03,10.6,
2018-02-04,11.3,
2018-02-05,11.6,
2018-02-06,11.6,
2018-02-07,12.1,
2018-02-08,12.1,
2018-02-09,12.1,
2018-02-10,11.9,
2018-02-11,11.7,
2018-02-12,11.5,
2018-02-13,11.3,
2018-02-14,11.2,
2018-02-15,11.3,
2018-02-16,11.3,
2018-02-17,11.2,
2018-02-18,11.2,
2018-02-19,11.4,
2018-02-20,11.4,
2018-02-21,11.4,
2018-02-22,12.0,]
2018-02-23,12.1,
2018-02-24,12.1,
2018-02-25,12.1,
2018-02-26,12.0,
2018-02-27,12.1,
2018-02-28,11.7,
2018-03-01,11.7,
2018-03-02,11.6,
2018-03-03,11.7,
2018-03-04,11.7,
2018-03-05,11.6,
2018-03-06,11.3,
2018-03-07,11.2,
2018-03-08,11.0,
2018-03-09,10.9,
2018-03-10,11.0,)
2018-03-11,11.1,
2018-03-12,11.2,
2018-03-13,11.4,
2018-03-14,12.0,
2018-03-15,11.5,
2018-03-16,11.3,
2018-03-17,11.1,
2018-03-18,11.1,
2018-03-19,11.1,
2018-03-20,10.9,
2018-03-21,10.6,
2018-03-22,10.7,
2018-03-23,10.8,
2018-03-24,11.0,
2018-03-25,11.2,
2018-03-26,11.3,
2018-03-27,11.6,
2018-03-28,11.8,
2018-03-29,12.1,
2018-03-30,12.0,
2018-03-31,12.2,
2018-04-01,12.5,
2018-04-02,13.1,
2018-04-03,12.9,
2018-04-04,12.7,
2018-04-05,12.5,
2018-04-06,12.5,
2018-04-07,12.4,
2018-04-08,12.3,
2018-04-09,12.5,
2018-04-10,12.8,
2018-04-11,12.7,
2018-04-12,12.8,
2018-04-13,12.6,
2018-04-14,12.6,
2018-04-15,12.7,
2018-04-16,12.8,
2018-04-17,12.9,
2018-04-18,13.1,
2018-04-19,13.1,
2018-04-20,,x
2018-04-21,14.1,
2018-04-22,13.7,
2018-04-23,13.6,
2018-04-24,13.7,
2018-04-25,13.7,)
2018-04-26,13.8,]
2018-04-27,14.0,]
2018-04-28,14.1,
2018-04-29,14.1,
2018-04-30,14.2,
2018-05-01,14.2,
2018-05-02,14.3,
2018-05-03,14.2,
2018-05-04,14.2,
2018-05-05,14.4,
2018-05-06,14.4,
2018-05-07,14.4,
2018-05-08,14.4,
2018-05-09,14.6,
2018-05-10,14.9,
2018-05-11,15.1,
2018-05-12,15.1,
2018-05-13,14.9,
2018-05-14,14.9,
2018-05-15,15.2,
2018-05-16,14.9,
2018-05-17,14.9,
2018-05-18,15.0,
2018-05-19,15.0,
2018-05-20,15.1,
2018-05-21,15.5,
2018-05-22,15.9,
2018-05-23,16.6,
2018-05-24,16.5,
2018-05-25,16.9,
2018-05-26,17.0,
2018-05-27,16.7,
2018-05-28,16.3,
2018-05-29,16.5,
2018-05-30,16.5,
2018-05-31,16.5,
2018-06-01,16.8,
2018-06-02,17.6,
2018-06-03,17.4,
2018-06-04,17.5,
2018-06-05,17.0,
2018-06-06,17.7,
2018-06-07,18.4,
2018-06-08,18.6,
2018-06-09,17.7,
2018-06-10,18.1,
2018-06-11,18.5,
2018-06-12,18.5,
2018-06-13,18.3,
2018-06-14,18.3,
2018-06-15,18.7,
2018-06-16,18.8,
2018-06-17,19.2,
2018-06-18,19.6,
2018-06-19,19.6,
2018-06-20,19.7,
2018-06-21,20.2,
2018-06-22,21.4,
2018-06-23,20.6,
2018-06-24,20.8,
2018-06-25,21.0,
2018-06-26,20.1,
2018-06-27,19.7,
2018-06-28,19.9,
2018-06-29,19.7,
2018-06-30,19.5,
2018-07-01,20.8,
2018-07-02,20.9,
2018-07-03,20.1,
2018-07-04,21.4,
2018-07-05,21.0,
2018-07-06,21.2,
2018-07-07,21.6,
2018-07-08,21.7,
2018-07-09,21.7,
2018-07-10,21.9,
2018-07-11,22.1,
2018-07-12,21.9,
2018-07-13,21.7,
2018-07-14,21.5,
2018-07-15,21.4,
2018-07-16,21.6,
2018-07-17,21.4,
2018-07-18,21.4,
2018-07-19,22.3,
2018-07-20,24.1,
2018-07-21,26.4,
2018-07-22,26.3,
2018-07-23,25.6,
2018-07-24,24.7,
2018-07-25,24.4,
2018-07-26,24.0,
2018-07-27,23.9,)
2018-07-28,23.1,
2018-07-29,23.7,
2018-07-30,24.9,
2018-07-31,26.1,
2018-08-01,26.7,]
2018-08-02,27.1,
2018-08-03,27.9,
2018-08-04,27.4,
2018-08-05,27.1,
2018-08-06,27.3,
2018-08-07,28.0,
2018-08-08,27.9,
2018-08-09,27.5,
2018-08-10,26.6,
2018-08-11,25.5,
2018-08-12,,x
2018-08-13,,null
2018-08-14,,null
2018-08-15,,null
2018-08-16,,null
2018-08-17,,null
2018-08-18,,null
2018-08-19,,null
2018-08-20,,null
2018-08-21,,x
2018-08-22,27.1,
2018-08-23,27.1,
2018-08-24,26.3,
2018-08-25,25.6,
2018-08-26,25.6,
2018-08-27,24.8,
2018-08-28,24.7,
2018-08-29,25.1,
2018-08-30,24.2,
2018-08-31,23.8,
2018-09-01,24.2,
2018-09-02,25.4,
2018-09-03,25.6,
2018-09-04,25.4,
2018-09-05,24.7,
2018-09-06,24.7,
2018-09-07,23.2,
2018-09-08,21.7,
2018-09-09,21.3,
2018-09-10,21.4,
2018-09-11,21.5,
2018-09-12,21.4,
2018-09-13,21.6,
2018-09-14,22.0,
2018-09-15,22.1,
2018-09-16,22.4,
2018-09-17,22.5,
2018-09-18,23.1,
2018-09-19,22.7,
2018-09-20,23.0,
2018-09-21,23.0,
2018-09-22,23.0,
2018-09-23,23.1,
2018-09-24,21.9,
2018-09-25,21.5,
2018-09-26,22.1,
2018-09-27,22.2,
2018-09-28,22.3,
2018-09-29,21.8,
2018-09-30,21.4,
2018-10-01,21.2,
2018-10-02,21.2,
2018-10-03,21.2,
2018-10-04,21.3,
2018-10-05,21.5,
2018-10-06,21.5,
2018-10-07,21.7,
2018-10-08,21.2,
2018-10-09,21.0,
2018-10-10,20.9,
2018-10-11,20.5,
2018-10-12,20.3,
2018-10-13,20.2,
2018-10-14,20.3,
2018-10-15,20.3,
2018-10-16,20.2,
2018-10-17,20.3,
2018-10-18,20.4,
2018-10-19,20.2,
2018-10-20,20.1,
2018-10-21,20.2,
2018-10-22,20.1,
2018-10-23,20.0,
2018-10-24,19.8,
2018-10-25,19.6,
2018-10-26,19.6,
2018-10-27,19.1,
2018-10-28,18.6,
2018-10-29,18.4,
2018-10-30,18.1,
2018-10-31,18.0,
2018-11-01,17.9,
2018-11-02,18.0,
2018-11-03,18.2,
2018-11-04,17.8,
2018-11-05,17.8,
2018-11-06,17.8,
2018-11-07,17.6,
2018-11-08,17.6,
2018-11-09,17.4,
2018-11-10,17.0,
2018-11-11,17.0,
2018-11-12,17.0,
2018-11-13,17.0,
2018-11-14,17.1,
2018-11-15,17.2,
2018-11-16,17.0,
2018-11-17,17.0,
2018-11-18,17.0,)
2018-11-19,16.9,
2018-11-20,16.8,
2018-11-21,16.7,
2018-11-22,16.6,
2018-11-23,16.5,
2018-11-24,16.6,
2018-11-25,,x
2018-11-26,,null
2018-11-27,,null
2018-11-28,,null
2018-11-29,,x
2018-11-30,16.3,
2018-12-01,16.3,
2018-12-02,16.3,
2018-12-03,16.4,
2018-12-04,16.4,
2018-12-05,16.1,
2018-12-06,16.0,
2018-12-07,15.8,
2018-12-08,15.5,
2018-12-09,15.3,
2018-12-10,15.2,
2018-12-11,15.0,
2018-12-12,15.0,
2018-12-13,14.7,
2018-12-14,14.6,
2018-12-15,14.4,
2018-12-16,14.3,
2018-12-17,14.5,
2018-12-18,14.6,
2018-12-19,14.4,
2018-12-20,,x
2018-12-21,14.3,
2018-12-22,14.5,
2018-12-23,14.5,
2018-12-24,14.4,
2018-12-25,14.1,
2018-12-26,14.1,]
2018-12-27,14.0,
2018-12-28,13.9,
2018-12-29,13.5,
2018-12-30,13.5,
2018-12-31,13.4,
2019-01-01,13.4,
2019-01-02,13.1,
2019-01-03,12.8,
2019-01-04,12.6,
2019-01-05,12.9,
2019-01-06,12.7,
2019-01-07,12.6,
2019-01-08,12.5,
2019-01-09,12.5,
2019-01-10,12.3,
2019-01-11,12.5,
2019-01-12,12.6,
2019-01-13,12.6,
2019-01-14,12.9,
2019-01-15,13.2,
2019-01-16,13.0,
2019-01-17,12.7,
2019-01-18,12.6,
2019-01-19,12.4,
2019-01-20,12.3,
2019-01-21,12.3,
2019-01-22,12.5,
2019-01-23,12.5,
2019-01-24,12.5,
2019-01-25,12.5,
2019-01-26,12.6,
2019-01-27,12.4,
2019-01-28,12.4,
2019-01-29,12.5,
2019-01-30,12.2,
2019-01-31,12.0,
2019-02-01,12.0,
2019-02-02,11.9,
2019-02-03,12.0,
2019-02-04,13.2,
2019-02-05,13.6,
2019-02-06,13.7,
2019-02-07,13.6,
2019-02-08,13.4,
2019-02-09,13.3,
2019-02-10,13.3,]
2019-02-11,13.3,
2019-02-12,13.4,
2019-02-13,13.2,
2019-02-14,13.1,
2019-02-15,13.0,
2019-02-16,13.2,
2019-02-17,13.2,
2019-02-18,13.3,
2019-02-19,13.2,
2019-02-20,13.2,
2019-02-21,13.4,
2019-02-22,13.3,
2019-02-23,13.4,
2019-02-24,13.7,
2019-02-25,14.1,
2019-02-26,14.2,
2019-02-27,14.8,
2019-02-28,14.5,
2019-03-01,14.4,
2019-03-02,14.6,
2019-03-03,14.5,
2019-03-04,14.6,
2019-03-05,14.5,
2019-03-06,14.5,
2019-03-07,14.5,
2019-03-08,14.8,
2019-03-09,14.7,
2019-03-10,14.5,
2019-03-11,14.4,
2019-03-12,14.4,
2019-03-13,14.2,
2019-03-14,14.2,
2019-03-15,14.1,
2019-03-16,14.0,)
2019-03-17,14.0,
2019-03-18,13.9,
2019-03-19,13.8,
2019-03-20,13.7,
2019-03-21,13.6,
2019-03-22,13.5,
2019-03-23,13.5,
2019-03-24,13.3,
2019-03-25,13.3,
2019-03-26,13.3,
2019-03-27,13.3,
2019-03-28,13.3,
2019-03-29,13.7,
2019-03-30,13.4,
2019-03-31,13.2,
2019-04-01,13.1,
2019-04-02,13.1,
2019-04-03,13.1,
2019-04-04,13.1,
2019-04-05,13.1,
2019-04-06,13.5,]
2019-04-07,13.3,
2019-04-08,13.4,
2019-04-09,13.3,
2019-04-10,,x
2019-04-11,,null
2019-04-12,,null
2019-04-13,,null
2019-04-14,,null
2019-04-15,,null
2019-04-16,,null
2019-04-17,,null
2019-04-18,,null
2019-04-19,,null
2019-04-20,,x
2019-04-21,13.2,
2019-04-22,13.0,
2019-04-23,13.0,
2019-04-24,13.3,
2019-04-25,13.1,
2019-04-26,13.1,
2019-04-27,13.1,)
2019-04-28,13.2,
2019-04-29,13.1,
2019-04-30,13.4,
2019-05-01,13.6,]
2019-05-02,13.6,
2019-05-03,14.0,
2019-05-04,14.3,
2019-05-05,13.9,
2019-05-06,13.6,
2019-05-07,13.7,
2019-05-08,13.9,
2019-05-09,14.1,
2019-05-10,14.3,
2019-05-11,14.7,
2019-05-12,14.3,
2019-05-13,14.5,
2019-05-14,15.6,
2019-05-15,15.8,
2019-05-16,15.8,
2019-05-17,15.2,
2019-05-18,14.9,
2019-05-19,15.1,
2019-05-20,15.2,
2019-05-21,15.2,
2019-05-22,15.5,
2019-05-23,15.5,
2019-05-24,15.7,
2019-05-25,15.9,
2019-05-26,17.4,
2019-05-27,16.3,
2019-05-28,16.4,
2019-05-29,16.7,
2019-05-30,17.0,
2019-05-31,16.5,)
2019-06-01,16.3,
2019-06-02,16.0,
2019-06-03,16.5,
2019-06-04,16.4,
2019-06-05,16.2,
2019-06-06,16.4,
2019-06-07,16.3,
2019-06-08,16.5,
2019-06-09,16.8,
2019-06-10,17.4,
2019-06-11,17.6,
2019-06-12,17.8,
2019-06-13,17.8,
2019-06-14,17.6,
2019-06-15,17.5,
2019-06-16,17.8,
2019-06-17,17.9,
2019-06-18,17.5,
2019-06-19,17.8,
2019-06-20,18.3,
2019-06-21,18.3,
2019-06-22,18.1,
2019-06-23,18.5,
2019-06-24,19.7,
2019-06-25,20.1,
2019-06-26,20.3,
2019-06-27,20.8,
2019-06-28,20.6,
2019-06-29,20.3,
2019-06-30,19.6,
2019-07-01,18.9,
2019-07-02,18.6,
2019-07-03,18.2,
2019-07-04,18.0,
2019-07-05,18.1,
2019-07-06,18.2,
2019-07-07,19.6,
2019-07-08,19.5,
2019-07-09,20.0,
2019-07-10,20.2,
2019-07-11,20.6,
2019-07-12,20.9,
2019-07-13,20.6,
2019-07-14,20.6,
2019-07-15,20.7,
2019-07-16,20.6,
2019-07-17,21.1,
2019-07-18,21.1,
2019-07-19,21.2,
2019-07-20,21.1,
2019-07-21,20.9,
2019-07-22,21.0,
2019-07-23,21.6,
2019-07-24,21.8,
2019-07-25,22.2,
2019-07-26,22.2,
2019-07-27,22.4,)
2019-07-28,22.8,
2019-07-29,22.7,
2019-07-30,21.7,
2019-07-31,21.3,
2019-08-01,,null
2019-08-02,,null
2019-08-03,,null
2019-08-04,,null
2019-08-05,,null
2019-08-06,,null
2019-08-07,,null
2019-08-08,,null
2019-08-09,,null
2019-08-10,,null
2019-08-11,,null
2019-08-12,,null
2019-08-13,,null
2019-08-14,,null
2019-08-15,,null
2019-08-16,,null
2019-08-17,,null
2019-08-18,,null
2019-08-19,,null
2019-08-20,,null
2019-08-21,,null
2019-08-22,,null
2019-08-23,,null
2019-08-24,,null
2019-08-25,,null
2019-08-26,,null
2019-08-27,,null
2019-08-28,,null
2019-08-29,,null
2019-08-30,,null
2019-08-31,,null
2019-09-01,19.5,
2019-09-02,19.4,
2019-09-03,21.0,
2019-09-04,23.2,
2019-09-05,23.4,)
2019-09-06,23.3,
2019-09-07,23.4,
2019-09-08,23.6,
2019-09-09,22.8,
2019-09-10,23.2,
2019-09-11,22.4,
2019-09-12,22.3,
2019-09-13,22.3,
2019-09-14,22.9,)
2019-09-15,,null
2019-09-16,,null
2019-09-17,,null
2019-09-18,,x
2019-09-19,22.7,
2019-09-20,22.7,
2019-09-21,22.8,
2019-09-22,22.6,
2019-09-23,22.6,
2019-09-24,22.6,
2019-09-25,22.4,
2019-09-26,22.5,
2019-09-27,22.5,
2019-09-28,22.6,
2019-09-29,22.8,
2019-09-30,22.6,
2019-10-01,22.4,
2019-10-02,22.1,
2019-10-03,22.3,
2019-10-04,22.3,
2019-10-05,22.5,
2019-10-06,22.2,
2019-10-07,22.1,
2019-10-08,21.9,
2019-10-09,21.8,
2019-10-10,22.0,
2019-10-11,22.0,
2019-10-12,21.7,
2019-10-13,21.4,
2019-10-14,21.2,
2019-10-15,20.9,
2019-10-16,20.8,
2019-10-17,20.8,
2019-10-18,20.7,
2019-10-19,20.8,
2019-10-20,20.8,
2019-10-21,20.8,
2019-10-22,20.9,
2019-10-23,20.8,
2019-10-24,20.7,
2019-10-25,20.9,
2019-10-26,20.8,
2019-10-27,20.6,
2019-10-28,20.5,
2019-10-29,20.2,
2019-10-30,19.6,
2019-10-31,19.5,
2019-11-01,19.4,
2019-11-02,19.3,
2019-11-03,19.3,]
2019-11-04,19.2,
2019-11-05,19.2,
2019-11-06,19.3,
2019-11-07,19.1,
2019-11-08,18.9,
2019-11-09,18.6,
2019-11-10,18.4,
2019-11-11,18.1,
2019-11-12,17.8,
2019-11-13,17.5,
2019-11-14,17.2,
2019-11-15,17.2,
2019-11-16,17.1,
2019-11-17,17.1,
2019-11-18,17.1,
2019-11-19,16.7,
2019-11-20,16.5,
2019-11-21,16.4,
2019-11-22,16.4,
2019-11-23,16.3,
2019-11-24,16.4,
2019-11-25,16.2,
2019-11-26,16.2,)
2019-11-27,16.1,
2019-11-28,16.1,
2019-11-29,16.0,
2019-11-30,16.0,
2019-12-01,15.9,
2019-12-02,15.8,
2019-12-03,15.7,
2019-12-04,15.5,
2019-12-05,15.4,
2019-12-06,15.1,
2019-12-07,15.0,
2019-12-08,14.9,
2019-12-09,,x
2019-12-10,,null
2019-12-11,,x
2019-12-12,15.0,)
2019-12-13,,x
2019-12-14,14.9,
2019-12-15,14.7,
2019-12-16,14.6,
2019-12-17,14.5,
2019-12-18,14.6,
2019-12-19,14.5,
2019-12-20,14.3,
2019-12-21,14.3,
2019-12-22,14.2,
2019-12-23,14.0,
2019-12-24,14.1,
2019-12-25,14.0,
2019-12-26,13.9,
2019-12-27,13.8,
2019-12-28,13.7,
2019-12-29,13.6,
2019-12-30,13.5,
2019-12-31,13.7,
2020-01-01,13.5,
2020-01-02,13.4,
2020-01-03,13.6,
2020-01-04,13.9,
2020-01-05,13.5,
2020-01-06,13.4,
2020-01-07,14.1,
2020-01-08,13.9,
2020-01-09,14.2,
2020-01-10,13.9,
2020-01-11,14.1,
2020-01-12,14.0,
2020-01-13,13.9,
2020-01-14,13.8,
2020-01-15,13.7,
2020-01-16,13.5,
2020-01-17,13.3,
2020-01-18,13.3,
2020-01-19,13.1,)
2020-01-20,13.2,
2020-01-21,13.7,
2020-01-22,14.0,
2020-01-23,14.4,
2020-01-24,14.3,
2020-01-25,14.0,
2020-01-26,13.8,
2020-01-27,13.4,
2020-01-28,13.3,]
2020-01-29,13.3,
2020-01-30,13.4,
2020-01-31,13.5,
2020-02-01,13.3,
2020-02-02,13.4,
2020-02-03,13.5,
2020-02-04,13.2,
2020-02-05,13.1,
2020-02-06,13.0,
2020-02-07,12.9,
2020-02-08,12.9,
2020-02-09,12.7,
2020-02-10,12.8,
2020-02-11,12.9,
2020-02-12,12.8,
2020-02-13,13.0,
2020-02-14,13.3,
2020-02-15,13.4,
2020-02-16,13.2,
2020-02-17,12.9,
2020-02-18,12.9,
2020-02-19,12.7,)
2020-02-20,12.8,
2020-02-21,12.8,
2020-02-22,12.6,
2020-02-23,12.7,
2020-02-24,,x
2020-02-25,12.7,
2020-02-26,12.8,
2020-02-27,12.6,
2020-02-28,12.5,
2020-02-29,12.5,
2020-03-01,12.5,
2020-03-02,12.5,
2020-03-03,12.4,
2020-03-04,12.2,)
2020-03-05,12.3,
2020-03-06,12.3,
2020-03-07,12.2,
2020-03-08,12.3,
2020-03-09,12.3,
2020-03-10,12.6,
2020-03-11,12.6,
2020-03-12,12.6,
2020-03-13,12.6,
2020-03-14,12.6,
2020-03-15,12.6,
2020-03-16,12.6,
2020-03-17,12.4,
2020-03-18,12.6,
2020-03-19,12.6,)
2020-03-20,12.5,
2020-03-21,12.6,
2020-03-22,12.6,
2020-03-23,12.6,
2020-03-24,12.7,
2020-03-25,12.8,
2020-03-26,12.8,
2020-03-27,12.8,
2020-03-28,12.7,
2020-03-29,12.7,
2020-03-30,12.9,
2020-03-31,13.0,
2020-04-01,12.9,
2020-04-02,13.0,
2020-04-03,13.0,
2020-04-04,13.0,
2020-04-05,13.1,
2020-04-06,13.3,
2020-04-07,13.4,
2020-04-08,13.4,
2020-04-09,13.7,
2020-04-10,13.6,
2020-04-11,13.6,]
2020-04-12,13.5,
2020-04-13,13.5,
2020-04-14,13.6,
2020-04-15,13.5,
2020-04-16,13.5,
2020-04-17,13.4,
2020-04-18,13.6,
2020-04-19,13.4,
2020-04-20,13.5,
2020-04-21,13.5,
2020-04-22,13.4,
2020-04-23,13.4,
2020-04-24,13.3,
2020-04-25,13.4,
2020-04-26,13.5,
2020-04-27,13.6,
2020-04-28,13.7,
2020-04-29,13.8,
2020-04-30,14.3,
2020-05-01,14.1,]
2020-05-02,14.2,
2020-05-03,14.2,
2020-05-04,14.4,
2020-05-05,14.0,
2020-05-06,14.2,
2020-05-07,14.2,
2020-05-08,14.4,
2020-05-09,14.4,
2020-05-10,14.4,
2020-05-11,14.7,
2020-05-12,14.6,
2020-05-13,14.9,
2020-05-14,15.6,
2020-05-15,15.0,
2020-05-16,15.4,)
2020-05-17,15.8,)
2020-05-18,15.4,
2020-05-19,15.0,
2020-05-20,15.2,
2020-05-21,14.9,
2020-05-22,15.0,
2020-05-23,15.3,
2020-05-24,15.7,
2020-05-25,15.5,
2020-05-26,15.5,
2020-05-27,16.0,
2020-05-28,15.8,
2020-05-29,16.3,
2020-05-30,16.2,
2020-05-31,16.9,
2020-06-01,16.7,
2020-06-02,16.7,
2020-06-03,16.3,
2020-06-04,16.3,
2020-06-05,16.5,]
2020-06-06,16.4,
2020-06-07,16.6,
2020-06-08,17.2,
2020-06-09,17.6,
2020-06-10,17.8,
2020-06-11,18.0,
2020-06-12,17.5,
2020-06-13,18.4,
2020-06-14,17.8,
2020-06-15,18.9,
2020-06-16,19.5,
2020-06-17,19.6,)
2020-06-18,18.0,
2020-06-19,18.5,
2020-06-20,18.5,
2020-06-21,18.3,
2020-06-22,19.0,
2020-06-23,19.4,
2020-06-24,18.6,
2020-06-25,18.5,
2020-06-26,18.6,
2020-06-27,18.7,
2020-06-28,18.8,
2020-06-29,19.0,
2020-06-30,18.5,
2020-07-01,18.8,
2020-07-02,18.0,
2020-07-03,18.0,
2020-07-04,18.5,
2020-07-05,18.8,
2020-07-06,18.2,)
2020-07-07,18.4,
2020-07-08,18.6,
2020-07-09,18.2,
2020-07-10,19.5,
2020-07-11,18.7,]
2020-07-12,18.9,]
2020-07-13,19.9,
2020-07-14,20.0,
2020-07-15,20.3,
2020-07-16,20.9,
2020-07-17,21.3,
2020-07-18,21.2,
2020-07-19,20.9,
2020-07-20,20.6,
2020-07-21,19.9,
2020-07-22,19.2,
2020-07-23,18.6,
2020-07-24,18.5,]
2020-07-25,18.7,
2020-07-26,19.2,
2020-07-27,,null
2020-07-28,,null
2020-07-29,,null
2020-07-30,,null
2020-07-31,,x
2020-08-01,21.5,
2020-08-02,21.3,
2020-08-03,20.8,)
2020-08-04,21.1,
2020-08-05,20.7,
2020-08-06,19.6,)
2020-08-07,19.6,
2020-08-08,19.2,
2020-08-09,20.7,
2020-08-10,20.9,
2020-08-11,21.4,
2020-08-12,22.2,
2020-08-13,23.2,
2020-08-14,23.6,
2020-08-15,23.8,
2020-08-16,22.7,
2020-08-17,21.9,
2020-08-18,22.7,)
2020-08-19,21.1,)
2020-08-20,19.5,)
2020-08-21,19.8,
2020-08-22,19.7,]
2020-08-23,20.7,]
2020-08-24,,x
2020-08-25,,null
2020-08-26,,null
2020-08-27,,null
2020-08-28,,null
2020-08-29,,null
2020-08-30,,null
2020-08-31,,x
2020-09-01,26.3,
2020-09-02,26.6,
2020-09-03,25.3,
2020-09-04,25.2,
2020-09-05,24.2,]
2020-09-06,23.6,
2020-09-07,22.9,
2020-09-08,23.0,
2020-09-09,23.2,
2020-09-10,23.8,]
2020-09-11,23.4,
2020-09-12,,x
2020-09-13,23.6,
2020-09-14,23.7,)
2020-09-15,23.7,
2020-09-16,23.7,
2020-09-17,22.8,
2020-09-18,22.1,
2020-09-19,21.8,
2020-09-20,21.2,
2020-09-21,21.1,
2020-09-22,21.9,)
2020-09-23,22.2,
2020-09-24,22.2,
2020-09-25,22.2,
2020-09-26,22.5,
2020-09-27,22.4,
2020-09-28,22.3,
2020-09-29,22.4,
2020-09-30,22.4,
2020-10-01,22.3,
2020-10-02,22.4,
2020-10-03,22.5,
2020-10-04,22.4,
2020-10-05,21.8,
2020-10-06,21.6,
2020-10-07,21.6,
2020-10-08,21.5,
2020-10-09,21.4,
2020-10-10,21.4,
2020-10-11,21.3,)
2020-10-12,21.5,
2020-10-13,21.4,
2020-10-14,21.3,
2020-10-15,21.3,)
2020-10-16,,x
2020-10-17,21.1,]
2020-10-18,20.9,
2020-10-19,20.7,
2020-10-20,20.5,)
2020-10-21,20.3,
2020-10-22,20.3,
2020-10-23,19.9,
2020-10-24,19.6,
2020-10-25,19.5,
2020-10-26,19.6,
2020-10-27,19.3,
2020-10-28,19.1,
2020-10-29,18.9,
2020-10-30,18.5,
2020-10-31,18.6,]
2020-11-01,18.3,
2020-11-02,18.2,
2020-11-03,18.0,
2020-11-04,17.9,
2020-11-05,17.8,
2020-11-06,18.0,
2020-11-07,17.9,
2020-11-08,17.6,]
2020-11-09,17.3,)
2020-11-10,17.2,
2020-11-11,17.3,)
2020-11-12,17.2,
2020-11-13,17.1,
2020-11-14,17.0,
2020-11-15,16.9,
2020-11-16,17.0,
2020-11-17,17.1,
2020-11-18,17.2,
2020-11-19,17.2,
2020-11-20,17.0,
2020-11-21,16.9,
2020-11-22,16.8,
2020-11-23,16.7,
2020-11-24,16.6,
2020-11-25,16.4,
2020-11-26,16.4,
2020-11-27,16.3,
2020-11-28,16.0,
2020-11-29,15.9,
2020-11-30,15.8,]
2020-12-01,15.9,
2020-12-02,15.8,
2020-12-03,15.6,
2020-12-04,15.5,
2020-12-05,15.4,
2020-12-06,15.2,
2020-12-07,15.1,)
2020-12-08,14.9,
2020-12-09,14.8,
2020-12-10,14.7,
2020-12-11,14.7,
2020-12-12,14.6,
2020-12-13,14.5,
2020-12-14,14.3,
2020-12-15,14.0,
2020-12-16,13.8,)
2020-12-17,13.7,
2020-12-18,13.5,
2020-12-19,13.4,
2020-12-20,13.2,
2020-12-21,13.0,
2020-12-22,13.0,
2020-12-23,12.9,
2020-12-24,13.1,
2020-12-25,14.0,
2020-12-26,13.7,
2020-12-27,13.3,
2020-12-28,13.3,
2020-12-29,13.4,
2020-12-30,13.2,
2020-12-31,13.2,
2021-01-01,13.2,
2021-01-02,13.1,
2021-01-03,13.0,
2021-01-04,13.0,
2021-01-05,13.0,
2021-01-06,12.8,
2021-01-07,12.3,
2021-01-08,12.2,
2021-01-09,12.1,
2021-01-10,12.2,
2021-01-11,12.3,
2021-01-12,12.3,
2021-01-13,12.3,
2021-01-14,12.5,
2021-01-15,12.5,
2021-01-16,12.5,]
2021-01-17,12.2,
2021-01-18,12.0,
2021-01-19,12.1,
2021-01-20,12.1,
2021-01-21,12.1,
2021-01-22,12.3,
2021-01-23,12.5,
2021-01-24,11.9,
2021-01-25,12.3,
2021-01-26,12.3,
2021-01-27,12.4,
2021-01-28,11.9,
2021-01-29,12.1,
2021-01-30,12.0,
2021-01-31,12.2,]
2021-02-01,,x
2021-02-02,11.7,]
2021-02-03,11.9,)
2021-02-04,11.8,
2021-02-05,11.9,
2021-02-06,11.9,
2021-02-07,11.9,
2021-02-08,11.8,]
2021-02-09,,x
2021-02-10,11.5,
2021-02-11,11.7,
2021-02-12,12.0,)
2021-02-13,12.0,
2021-02-14,11.9,
2021-02-15,11.7,]
2021-02-16,11.6,
2021-02-17,11.8,)
2021-02-18,12.2,
2021-02-19,12.5,
2021-02-20,12.0,
2021-02-21,12.4,
2021-02-22,12.4,]
2021-02-23,12.4,
2021-02-24,11.9,)
2021-02-25,12.0,
2021-02-26,11.9,
2021-02-27,11.5,]
2021-02-28,11.7,)
2021-03-01,11.8,
2021-03-02,12.0,
2021-03-03,12.0,
2021-03-04,12.1,
2021-03-05,,x
2021-03-06,12.5,
2021-03-07,12.0,]
2021-03-08,12.3,]
2021-03-09,12.2,]
2021-03-10,12.4,
2021-03-11,12.3,
2021-03-12,12.2,)
2021-03-13,12.3,
2021-03-14,12.6,]
2021-03-15,12.8,
2021-03-16,12.7,
2021-03-17,12.5,
2021-03-18,12.5,
2021-03-19,12.4,
2021-03-20,12.3,
2021-03-21,12.9,
2021-03-22,,x
2021-03-23,12.6,
2021-03-24,13.2,
2021-03-25,13.1,
2021-03-26,13.1,
2021-03-27,12.9,
2021-03-28,12.9,
2021-03-29,12.8,
2021-03-30,12.9,
2021-03-31,13.1,
2021-04-01,12.9,
2021-04-02,12.9,
2021-04-03,13.2,)
2021-04-04,12.8,]
2021-04-05,12.8,
2021-04-06,12.8,
2021-04-07,13.3,
2021-04-08,13.6,
2021-04-09,13.5,
2021-04-10,13.5,
2021-04-11,13.9,
2021-04-12,13.9,
2021-04-13,13.9,]
2021-04-14,14.0,
2021-04-15,14.2,
2021-04-16,14.8,
2021-04-17,14.3,
2021-04-18,14.2,
2021-04-19,14.3,
2021-04-20,14.5,
2021-04-21,15.3,]
2021-04-22,14.9,
2021-04-23,14.4,
2021-04-24,14.5,
2021-04-25,14.5,
2021-04-26,14.4,)
2021-04-27,14.5,
2021-04-28,14.8,
2021-04-29,15.0,
2021-04-30,14.9,
2021-05-01,14.9,)
2021-05-02,15.1,
2021-05-03,15.2,
2021-05-04,15.1,
2021-05-05,15.2,
2021-05-06,15.5,)
2021-05-07,15.5,
2021-05-08,15.4,]
2021-05-09,15.4,
2021-05-10,15.2,
2021-05-11,15.2,)
2021-05-12,15.3,
2021-05-13,15.8,]
2021-05-14,15.9,)
2021-05-15,15.9,
2021-05-16,15.9,
2021-05-17,15.9,
2021-05-18,16.1,
2021-05-19,16.8,
2021-05-20,16.3,
2021-05-21,16.2,
2021-05-22,16.5,
2021-05-23,16.9,]
2021-05-24,16.7,
2021-05-25,16.2,
2021-05-26,16.1,
2021-05-27,16.1,
2021-05-28,16.4,]
2021-05-29,16.6,
2021-05-30,16.6,)
2021-05-31,17.1,
2021-06-01,17.5,
2021-06-02,17.7,]
2021-06-03,17.3,
2021-06-04,17.7,
2021-06-05,17.2,
2021-06-06,17.8,
2021-06-07,18.1,
2021-06-08,18.0,
2021-06-09,18.0,
2021-06-10,18.3,
2021-06-11,18.3,
2021-06-12,18.7,
2021-06-13,18.7,]
2021-06-14,18.3,)
2021-06-15,18.0,)
2021-06-16,18.1,
2021-06-17,18.9,]
2021-06-18,19.4,
2021-06-19,20.0,]
2021-06-20,20.3,
2021-06-21,19.2,
2021-06-22,19.5,]
2021-06-23,19.8,
2021-06-24,19.4,
2021-06-25,19.3,]
2021-06-26,19.3,
2021-06-27,19.3,
2021-06-28,20.0,
2021-06-29,20.8,]
2021-06-30,21.3,
2021-07-01,22.2,
2021-07-02,23.0,
2021-07-03,23.1,
2021-07-04,23.2,
2021-07-05,22.8,
2021-07-06,22.4,
2021-07-07,22.0,
2021-07-08,21.8,]
2021-07-09,21.8,
2021-07-10,21.9,
2021-07-11,21.8,]
2021-07-12,21.4,)
2021-07-13,22.3,
2021-07-14,22.2,
2021-07-15,22.6,
2021-07-16,22.7,
2021-07-17,24.1,]
2021-07-18,24.9,
2021-07-19,26.0,
2021-07-20,26.1,
2021-07-21,25.7,
2021-07-22,25.4,]
2021-07-23,25.2,
2021-07-24,25.0,
2021-07-25,24.9,
2021-07-26,24.9,
2021-07-27,24.6,
2021-07-28,25.2,
2021-07-29,25.3,
2021-07-30,25.4,
2021-07-31,25.9,
2021-08-01,26.4,]
2021-08-02,27.2,
2021-08-03,27.6,
2021-08-04,28.2,
2021-08-05,27.9,)
2021-08-06,27.5,
2021-08-07,27.2,
2021-08-08,26.9,
2021-08-09,26.5,
2021-08-10,26.5,
2021-08-11,26.1,
2021-08-12,26.2,
2021-08-13,26.6,
2021-08-14,26.3,
2021-08-15,26.3,
2021-08-16,,x
2021-08-17,25.8,
2021-08-18,25.8,)
2021-08-19,,x
2021-08-20,,x
2021-08-21,25.5,
2021-08-22,25.3,
2021-08-23,25.0,
2021-08-24,24.7,
2021-08-25,24.2,
2021-08-26,24.3,
2021-08-27,24.1,
2021-08-28,25.1,]
2021-08-29,25.0,
2021-08-30,26.1,
2021-08-31,26.9,
2021-09-01,25.8,)
2021-09-02,25.4,
2021-09-03,25.1,
2021-09-04,24.9,
2021-09-05,24.6,]
2021-09-06,24.4,
2021-09-07,,x
2021-09-08,23.7,
2021-09-09,23.7,
2021-09-10,23.1,]
2021-09-11,23.5,]
2021-09-12,23.4,]
2021-09-13,23.3,]
2021-09-14,23.7,)
2021-09-15,23.7,
2021-09-16,23.6,
2021-09-17,23.5,)
2021-09-18,23.7,
2021-09-19,23.5,]
2021-09-20,23.3,)
2021-09-21,23.2,
2021-09-22,23.1,)
2021-09-23,22.8,
2021-09-24,22.8,
2021-09-25,23.1,)
2021-09-26,23.2,
2021-09-27,23.3,)
2021-09-28,23.2,
2021-09-29,,x
2021-09-30,23.6,
2021-10-01,23.6,)
2021-10-02,23.8,
2021-10-03,24.0,]
2021-10-04,23.8,
2021-10-05,23.7,
2021-10-06,23.6,]
2021-10-07,,x
2021-10-08,22.6,
2021-10-09,22.4,]
2021-10-10,21.8,)
2021-10-11,21.7,
2021-10-12,22.0,)
2021-10-13,22.6,)
2021-10-14,23.0,)
2021-10-15,22.9,
2021-10-16,22.1,
2021-10-17,21.5,
2021-10-18,21.2,
2021-10-19,21.0,
2021-10-20,20.6,
2021-10-21,20.4,
2021-10-22,20.2,
2021-10-23,19.9,)
2021-10-24,19.9,)
2021-10-25,19.9,]
2021-10-26,19.7,]
2021-10-27,19.8,
2021-10-28,19.7,
2021-10-29,19.7,
2021-10-30,19.8,
2021-10-31,19.8,
2021-11-01,19.7,)
2021-11-02,19.2,
2021-11-03,19.1,)
2021-11-04,18.9,
2021-11-05,18.6,
2021-11-06,18.6,
2021-11-07,18.5,
2021-11-08,18.7,
2021-11-09,18.2,
2021-11-10,17.8,
2021-11-11,17.3,)
2021-11-12,16.8,
2021-11-13,16.8,]
2021-11-14,16.7,
2021-11-15,16.6,]
2021-11-16,16.4,
2021-11-17,16.3,
2021-11-18,16.1,
2021-11-19,16.0,
2021-11-20,16.1,
2021-11-21,16.1,
2021-11-22,15.9,
2021-11-23,15.8,
2021-11-24,15.7,
2021-11-25,15.6,
2021-11-26,15.4,)
2021-11-27,15.4,
2021-11-28,15.5,
2021-11-29,15.5,
2021-11-30,15.4,
2021-12-01,15.1,
2021-12-02,15.0,
2021-12-03,15.0,)
2021-12-04,14.8,)
2021-12-05,,x
2021-12-06,14.8,
2021-12-07,14.7,]
2021-12-08,14.6,]
2021-12-09,14.6,
2021-12-10,,x
2021-12-11,,null
2021-12-12,,null
2021-12-13,,null
2021-12-14,,x
2021-12-15,14.1,
2021-12-16,14.0,
2021-12-17,13.8,
2021-12-18,13.8,
2021-12-19,13.7,
2021-12-20,13.7,
2021-12-21,13.6,
2021-12-22,13.7,
2021-12-23,13.6,
2021-12-24,13.5,
2021-12-25,13.4,
2021-12-26,13.1,
2021-12-27,12.7,
2021-12-28,12.6,
2021-12-29,12.3,
2021-12-30,12.1,
2021-12-31,12.2,
2022-01-01,12.2,
2022-01-02,12.4,
2022-01-03,12.6,
2022-01-04,12.5,
2022-01-05,12.9,
2022-01-06,13.0,
2022-01-07,13.1,
2022-01-08,13.1,
2022-01-09,13.3,
2022-01-10,13.5,
2022-01-11,13.5,
2022-01-12,13.3,
2022-01-13,13.0,
2022-01-14,13.0,
2022-01-15,12.8,
2022-01-16,12.3,
2022-01-17,12.3,
2022-01-18,12.2,
2022-01-19,12.2,
2022-01-20,12.2,
2022-01-21,12.1,
2022-01-22,12.1,
2022-01-23,12.2,
2022-01-24,11.9,
2022-01-25,11.8,
2022-01-26,11.8,
2022-01-27,11.7,
2022-01-28,11.3,
2022-01-29,11.2,
2022-01-30,11.2,
2022-01-31,11.1,
2022-02-01,11.2,
2022-02-02,11.3,
2022-02-03,11.1,
2022-02-04,10.9,
2022-02-05,10.9,
2022-02-06,10.9,
2022-02-07,10.7,
2022-02-08,10.7,
2022-02-09,10.7,
2022-02-10,10.6,
2022-02-11,10.7,
2022-02-12,10.9,
2022-02-13,11.2,
2022-02-14,11.1,
2022-02-15,10.8,
2022-02-16,11.1,
2022-02-17,11.1,
2022-02-18,11.0,
2022-02-19,10.7,
2022-02-20,10.7,
2022-02-21,10.6,)
2022-02-22,10.6,
2022-02-23,10.5,
2022-02-24,10.4,
2022-02-25,10.2,
2022-02-26,10.3,
2022-02-27,10.2,
2022-02-28,10.4,
2022-03-01,10.5,
2022-03-02,10.8,
2022-03-03,10.7,
2022-03-04,10.7,
2022-03-05,10.6,
2022-03-06,10.7,
2022-03-07,10.8,
2022-03-08,10.9,
2022-03-09,11.1,
2022-03-10,11.2,)
2022-03-11,11.5,
2022-03-12,11.7,
2022-03-13,11.4,
2022-03-14,11.1,
2022-03-15,11.3,
2022-03-16,11.5,
2022-03-17,11.5,
2022-03-18,11.9,
2022-03-19,11.9,
2022-03-20,12.0,
2022-03-21,12.1,
2022-03-22,12.0,
2022-03-23,11.9,
2022-03-24,12.1,
2022-03-25,12.2,
2022-03-26,12.0,
2022-03-27,12.0,
2022-03-28,12.0,
2022-03-29,12.1,
2022-03-30,12.2,
2022-03-31,12.1,
2022-04-01,12.1,
2022-04-02,12.2,
2022-04-03,12.4,
2022-04-04,12.2,
2022-04-05,12.3,
2022-04-06,12.5,
2022-04-07,12.4,
2022-04-08,12.6,
2022-04-09,12.9,
2022-04-10,13.4,
2022-04-11,13.1,
2022-04-12,13.3,
2022-04-13,12.5,
2022-04-14,12.6,
2022-04-15,12.6,
2022-04-16,12.7,
2022-04-17,12.8,
2022-04-18,12.8,
2022-04-19,13.0,
2022-04-20,13.1,
2022-04-21,12.9,
2022-04-22,13.4,
2022-04-23,13.2,
2022-04-24,13.5,
2022-04-25,14.3,
2022-04-26,14.0,
2022-04-27,13.6,]
2022-04-28,13.7,
2022-04-29,13.7,
2022-04-30,13.9,
2022-05-01,13.9,
2022-05-02,14.0,
2022-05-03,14.2,
2022-05-04,14.3,
2022-05-05,14.8,
2022-05-06,15.3,
2022-05-07,14.8,
2022-05-08,14.4,
2022-05-09,14.7,
2022-05-10,14.7,
2022-05-11,15.3,
2022-05-12,15.5,
2022-05-13,15.3,
2022-05-14,15.3,
2022-05-15,15.0,
2022-05-16,15.1,
2022-05-17,15.2,)
2022-05-18,15.3,
2022-05-19,15.2,)
2022-05-20,15.6,
2022-05-21,15.7,
2022-05-22,15.6,
2022-05-23,16.4,
2022-05-24,16.8,
2022-05-25,16.6,
2022-05-26,16.3,
2022-05-27,15.9,
2022-05-28,16.1,)
2022-05-29,16.7,
2022-05-30,16.3,
2022-05-31,16.4,
2022-06-01,16.6,
2022-06-02,16.6,
2022-06-03,16.5,
2022-06-04,16.8,
2022-06-05,17.1,
2022-06-06,17.7,
2022-06-07,17.7,
2022-06-08,17.9,
2022-06-09,18.4,
2022-06-10,18.7,
2022-06-11,18.5,
2022-06-12,18.1,
2022-06-13,17.8,
2022-06-14,17.8,
2022-06-15,18.3,
2022-06-16,18.2,
2022-06-17,19.0,
2022-06-18,18.8,
2022-06-19,19.3,
2022-06-20,19.3,
2022-06-21,19.6,)
2022-06-22,,x
2022-06-23,,x
2022-06-24,19.5,
2022-06-25,19.7,
2022-06-26,,x
2022-06-27,,null
2022-06-28,,null
2022-06-29,,null
2022-06-30,,null
2022-07-01,,x
2022-07-02,19.7,
2022-07-03,21.1,)
2022-07-04,20.9,
2022-07-05,22.1,
2022-07-06,21.6,
2022-07-07,21.6,
2022-07-08,21.5,
2022-07-09,22.1,
2022-07-10,21.0,
2022-07-11,21.0,)
2022-07-12,20.3,
2022-07-13,20.1,
2022-07-14,19.5,
2022-07-15,19.6,)
2022-07-16,19.2,
2022-07-17,18.7,
2022-07-18,18.5,
2022-07-19,19.7,]
2022-07-20,20.4,
2022-07-21,19.4,
2022-07-22,20.0,
2022-07-23,20.9,
2022-07-24,21.1,
2022-07-25,20.4,)
2022-07-26,20.8,
2022-07-27,20.9,
2022-07-28,21.1,)
2022-07-29,22.4,]
2022-07-30,22.5,)
2022-07-31,23.4,
2022-08-01,23.3,
2022-08-02,23.6,
2022-08-03,23.5,)
2022-08-04,23.3,
2022-08-05,23.4,)
2022-08-06,23.7,)
2022-08-07,24.2,
2022-08-08,23.2,]
2022-08-09,23.3,]
2022-08-10,22.1,
2022-08-11,21.7,)
2022-08-12,20.4,)
2022-08-13,19.2,)
2022-08-14,19.9,]
2022-08-15,18.5,)
2022-08-16,19.1,]
2022-08-17,19.3,
2022-08-18,20.3,
2022-08-19,21.0,
2022-08-20,20.6,
2022-08-21,22.3,
2022-08-22,23.4,
2022-08-23,23.4,
2022-08-24,22.8,]
2022-08-25,23.5,
2022-08-26,22.7,
2022-08-27,21.6,
2022-08-28,21.4,]
2022-08-29,23.0,
2022-08-30,23.4,
2022-08-31,23.4,)
2022-09-01,24.2,
2022-09-02,25.3,
2022-09-03,24.9,)
2022-09-04,25.2,
2022-09-05,25.3,
2022-09-06,,x
2022-09-07,,null
2022-09-08,,null
2022-09-09,,null
2022-09-10,,null
2022-09-11,,null
2022-09-12,,null
2022-09-13,,null
2022-09-14,,null
2022-09-15,,null
2022-09-16,,null
2022-09-17,,null
2022-09-18,,null
2022-09-19,,null
2022-09-20,,null
2022-09-21,,null
2022-09-22,,null
2022-09-23,,null
2022-09-24,,null
2022-09-25,,null
2022-09-26,,null
2022-09-27,,x
2022-09-28,22.0,
2022-09-29,21.9,
2022-09-30,21.7,
2022-10-01,21.7,
2022-10-02,21.8,
2022-10-03,21.8,
2022-10-04,21.8,
2022-10-05,21.8,
2022-10-06,21.8,
2022-10-07,20.9,
2022-10-08,20.7,
2022-10-09,20.7,
2022-10-10,19.6,
2022-10-11,19.0,
2022-10-12,18.9,
2022-10-13,19.1,
2022-10-14,19.1,
2022-10-15,19.1,
2022-10-16,19.1,
2022-10-17,19.1,
2022-10-18,18.7,
2022-10-19,18.6,
2022-10-20,18.6,
2022-10-21,18.5,
2022-10-22,18.5,
2022-10-23,18.3,
2022-10-24,17.8,
2022-10-25,17.5,
2022-10-26,18.1,
2022-10-27,17.9,
2022-10-28,17.9,
2022-10-29,18.0,
2022-10-30,17.7,)
2022-10-31,,null
2022-11-01,,null
2022-11-02,,null
2022-11-03,,x
2022-11-04,17.2,
2022-11-05,16.9,
2022-11-06,16.9,
2022-11-07,16.9,
2022-11-08,16.9,
2022-11-09,16.8,
2022-11-10,16.8,
2022-11-11,16.7,
2022-11-12,16.9,
2022-11-13,16.7,
2022-11-14,16.5,
2022-11-15,16.4,
2022-11-16,16.3,
2022-11-17,16.2,
2022-11-18,16.2,
2022-11-19,16.2,
2022-11-20,16.0,
2022-11-21,16.1,
2022-11-22,16.1,
2022-11-23,16.3,
2022-11-24,16.4,
2022-11-25,16.3,
2022-11-26,16.3,
2022-11-27,16.3,
2022-11-28,16.3,
2022-11-29,16.2,
2022-11-30,15.9,
2022-12-01,15.6,
2022-12-02,15.3,
2022-12-03,15.2,
2022-12-04,15.0,
2022-12-05,14.8,
2022-12-06,14.6,
2022-12-07,14.5,
2022-12-08,14.6,
2022-12-09,14.6,
2022-12-10,14.5,
2022-12-11,14.5,
2022-12-12,14.3,
2022-12-13,14.1,
2022-12-14,14.0,
2022-12-15,13.9,
2022-12-16,13.6,
2022-12-17,13.4,
2022-12-18,13.3,
2022-12-19,13.1,
2022-12-20,13.0,)
2022-12-21,12.8,
2022-12-22,12.6,
2022-12-23,12.6,
2022-12-24,12.5,
2022-12-25,12.4,
2022-12-26,12.3,
2022-12-27,12.2,
2022-12-28,11.8,)
2022-12-29,11.8,
2022-12-30,11.7,
2022-12-31,11.6,
2023-01-01,11.6,
2023-01-02,11.2,
2023-01-03,11.1,
2023-01-04,11.2,
2023-01-05,11.2,
2023-01-06,11.4,
2023-01-07,11.6,
2023-01-08,11.5,
2023-01-09,11.5,
2023-01-10,11.4,
2023-01-11,11.3,
2023-01-12,11.3,
2023-01-13,11.2,]
2023-01-14,11.4,
2023-01-15,11.2,
2023-01-16,11.1,
2023-01-17,10.9,
2023-01-18,10.7,
2023-01-19,10.7,
2023-01-20,10.7,
2023-01-21,10.7,
2023-01-22,10.7,
2023-01-23,10.6,
2023-01-24,10.4,
2023-01-25,10.3,
2023-01-26,10.1,
2023-01-27,10.1,
2023-01-28,9.9,)
2023-01-29,9.7,
2023-01-30,9.7,
2023-01-31,9.8,
2023-02-01,9.8,
2023-02-02,10.4,
2023-02-03,10.5,
2023-02-04,10.4,
2023-02-05,10.4,
2023-02-06,10.5,
2023-02-07,11.4,
2023-02-08,11.6,
2023-02-09,11.4,
2023-02-10,11.2,
2023-02-11,11.4,
2023-02-12,11.6,
2023-02-13,11.5,
2023-02-14,11.6,
2023-02-15,11.3,
2023-02-16,11.0,
2023-02-17,10.9,
2023-02-18,11.1,
2023-02-19,11.1,
2023-02-20,11.0,
2023-02-21,10.9,
2023-02-22,10.8,
2023-02-23,10.8,
2023-02-24,10.8,
2023-02-25,10.7,
2023-02-26,10.7,
2023-02-27,10.7,
2023-02-28,10.6,
2023-03-01,10.5,
2023-03-02,10.7,
2023-03-03,10.7,)
2023-03-04,10.8,
2023-03-05,10.8,
2023-03-06,10.8,
2023-03-07,10.9,
2023-03-08,10.8,
2023-03-09,11.0,
2023-03-10,11.4,
2023-03-11,11.7,
2023-03-12,11.6,
2023-03-13,11.5,
2023-03-14,11.6,]
2023-03-15,11.7,
2023-03-16,11.6,)
2023-03-17,11.5,]
2023-03-18,11.9,
2023-03-19,12.0,
2023-03-20,12.0,]
2023-03-21,12.2,
2023-03-22,12.5,)
2023-03-23,,x
2023-03-24,12.8,
2023-03-25,13.0,
2023-03-26,13.0,]
2023-03-27,13.4,
2023-03-28,13.5,
2023-03-29,13.8,
2023-03-30,13.9,
2023-03-31,13.7,
2023-04-01,13.7,
2023-04-02,13.8,)
2023-04-03,13.6,
2023-04-04,13.6,
2023-04-05,13.5,
2023-04-06,13.4,)
2023-04-07,13.4,
2023-04-08,13.3,
2023-04-09,13.5,
2023-04-10,13.5,]
2023-04-11,13.5,]
2023-04-12,13.6,
2023-04-13,13.8,
2023-04-14,13.4,
2023-04-15,13.4,
2023-04-16,13.4,)
2023-04-17,13.4,
2023-04-18,13.4,
2023-04-19,13.4,]
2023-04-20,13.8,]
2023-04-21,13.6,]
2023-04-22,13.5,)
2023-04-23,13.6,)
2023-04-24,13.5,
2023-04-25,13.4,
2023-04-26,13.5,
2023-04-27,13.9,)
2023-04-28,14.9,
2023-04-29,14.1,)
2023-04-30,13.8,]
2023-05-01,13.9,]
2023-05-02,14.6,)
2023-05-03,14.1,)
2023-05-04,13.9,
2023-05-05,,x
2023-05-06,13.9,
2023-05-07,13.8,
2023-05-08,14.0,)
2023-05-09,14.1,
2023-05-10,14.5,
2023-05-11,13.9,)
2023-05-12,14.2,)
2023-05-13,14.1,)
2023-05-14,14.3,)
2023-05-15,14.8,
2023-05-16,14.7,
2023-05-17,14.9,
2023-05-18,14.3,
2023-05-19,14.5,)
2023-05-20,14.9,
2023-05-21,15.0,
2023-05-22,14.7,
2023-05-23,15.1,
2023-05-24,15.5,
2023-05-25,15.9,)
2023-05-26,16.0,
2023-05-27,16.5,]
2023-05-28,16.3,)
2023-05-29,15.9,
2023-05-30,16.3,
2023-05-31,16.7,]
2023-06-01,16.9,
2023-06-02,,x
2023-06-03,,x
2023-06-04,,null
2023-06-05,,null
2023-06-06,,null
2023-06-07,,null
2023-06-08,,null
2023-06-09,,null
2023-06-10,,x
2023-06-11,17.8,
2023-06-12,18.1,
2023-06-13,18.2,
2023-06-14,17.5,]
2023-06-15,17.8,
2023-06-16,17.2,
2023-06-17,17.4,
2023-06-18,17.5,]
2023-06-19,17.4,
2023-06-20,18.4,]
2023-06-21,18.8,
2023-06-22,18.4,]
2023-06-23,18.2,]
2023-06-24,19.2,]
2023-06-25,19.1,)
2023-06-26,18.7,]
2023-06-27,19.1,
2023-06-28,20.0,]
2023-06-29,19.3,
2023-06-30,18.9,
2023-07-01,19.2,
2023-07-02,18.6,
2023-07-03,17.8,]
2023-07-04,17.7,
2023-07-05,17.5,
2023-07-06,17.8,
2023-07-07,17.2,
2023-07-08,17.3,)
2023-07-09,17.6,
2023-07-10,,x
2023-07-11,,x
2023-07-12,18.3,
2023-07-13,18.6,)
2023-07-14,18.1,
2023-07-15,18.8,)
2023-07-16,18.8,
2023-07-17,18.9,
2023-07-18,18.7,)
2023-07-19,19.2,
2023-07-20,19.4,]
2023-07-21,20.0,
2023-07-22,20.9,
2023-07-23,21.5,
2023-07-24,21.2,
2023-07-25,22.1,)
2023-07-26,22.6,)
2023-07-27,24.1,
2023-07-28,23.8,
2023-07-29,24.0,
2023-07-30,23.8,
2023-07-31,21.8,
2023-08-01,21.4,
2023-08-02,20.6,
2023-08-03,19.9,)
2023-08-04,19.4,
2023-08-05,20.8,
2023-08-06,26.0,]
2023-08-07,27.4,
2023-08-08,27.5,]
2023-08-09,27.0,
2023-08-10,26.6,
2023-08-11,26.4,
2023-08-12,26.4,
2023-08-13,26.3,
2023-08-14,26.2,)
2023-08-15,26.2,
2023-08-16,25.5,]
2023-08-17,25.6,
2023-08-18,25.9,
2023-08-19,25.7,
2023-08-20,26.0,
2023-08-21,26.3,
2023-08-22,26.3,
2023-08-23,26.6,
2023-08-24,26.5,
2023-08-25,26.4,
2023-08-26,26.8,
2023-08-27,26.7,
2023-08-28,26.5,
2023-08-29,,x
2023-08-30,,null
2023-08-31,,null
2023-09-01,,null
2023-09-02,,null
2023-09-03,,null
2023-09-04,,null
2023-09-05,,null
2023-09-06,,null
2023-09-07,,null
2023-09-08,,null
2023-09-09,,null
2023-09-10,,null
2023-09-11,,null
2023-09-12,,null
2023-09-13,,null
2023-09-14,,null
2023-09-15,,null
2023-09-16,,null
2023-09-17,,null
2023-09-18,,null
2023-09-19,,null
2023-09-20,,x
2023-09-21,24.7,
2023-09-22,24.6,
2023-09-23,24.3,
2023-09-24,24.2,
2023-09-25,24.3,
2023-09-26,24.5,
2023-09-27,24.6,
2023-09-28,24.0,
2023-09-29,24.1,
2023-09-30,22.8,
2023-10-01,22.0,
2023-10-02,21.7,
2023-10-03,21.3,
2023-10-04,21.4,
2023-10-05,21.4,
2023-10-06,21.4,
2023-10-07,21.5,
2023-10-08,21.8,)
2023-10-09,22.0,)
2023-10-10,21.9,)
2023-10-11,21.6,
2023-10-12,21.6,
2023-10-13,21.5,
2023-10-14,21.2,
2023-10-15,20.7,
2023-10-16,20.4,
2023-10-17,19.9,
2023-10-18,19.7,
2023-10-19,19.6,
2023-10-20,19.2,
2023-10-21,18.6,
2023-10-22,18.6,
2023-10-23,19.0,
2023-10-24,18.8,
2023-10-25,18.7,
2023-10-26,18.5,
2023-10-27,18.0,
2023-10-28,17.8,
2023-10-29,17.7,)
2023-10-30,17.6,
2023-10-31,17.5,
2023-11-01,17.5,
2023-11-02,17.5,
2023-11-03,17.8,
2023-11-04,18.0,
2023-11-05,18.3,
2023-11-06,18.0,
2023-11-07,17.5,
2023-11-08,17.3,
2023-11-09,17.8,
2023-11-10,17.4,
2023-11-11,16.7,
2023-11-12,16.3,
2023-11-13,16.2,
2023-11-14,16.2,
2023-11-15,16.1,
2023-11-16,16.1,
2023-11-17,16.0,
2023-11-18,15.8,
2023-11-19,15.7,
2023-11-20,15.7,
2023-11-21,15.7,
2023-11-22,15.8,
2023-11-23,15.7,
2023-11-24,15.5,
2023-11-25,15.4,
2023-11-26,15.3,
2023-11-27,15.3,
2023-11-28,15.2,
2023-11-29,15.0,
2023-11-30,14.8,
2023-12-01,14.7,
2023-12-02,14.6,
2023-12-03,14.5,
2023-12-04,14.5,
2023-12-05,14.5,
2023-12-06,14.4,
2023-12-07,14.4,
2023-12-08,14.6,
2023-12-09,14.5,
2023-12-10,14.6,)
2023-12-11,14.5,
2023-12-12,14.5,
2023-12-13,14.5,
2023-12-14,14.5,
2023-12-15,14.7,
2023-12-16,14.6,
2023-12-17,14.6,)
2023-12-18,14.2,
2023-12-19,13.8,
2023-12-20,13.7,
2023-12-21,13.4,
2023-12-22,13.2,
2023-12-23,13.1,
2023-12-24,12.9,
2023-12-25,12.8,
2023-12-26,12.7,
2023-12-27,13.0,
2023-12-28,13.1,
2023-12-29,12.8,
2023-12-30,12.7,
2023-12-31,12.7,
2024-01-01,12.8,
2024-01-02,12.5,
2024-01-03,12.5,
2024-01-04,12.5,
2024-01-05,12.3,
2024-01-06,12.2,
2024-01-07,12.1,
2024-01-08,11.9,
2024-01-09,11.7,
2024-01-10,11.9,
2024-01-11,12.0,
2024-01-12,12.1,
2024-01-13,12.1,)
2024-01-14,12.1,
2024-01-15,11.9,
2024-01-16,11.9,
2024-01-17,11.8,]
2024-01-18,11.9,
2024-01-19,11.7,
2024-01-20,11.5,
2024-01-21,11.3,
2024-01-22,11.3,
2024-01-23,11.5,
2024-01-24,11.6,
2024-01-25,11.8,)
2024-01-26,11.9,
2024-01-27,11.9,
2024-01-28,11.9,
2024-01-29,11.8,
2024-01-30,11.6,
2024-01-31,11.7,
2024-02-01,11.8,
2024-02-02,11.7,)
2024-02-03,12.0,
2024-02-04,12.1,
2024-02-05,11.9,]
2024-02-06,11.5,
2024-02-07,11.8,
2024-02-08,11.7,)
2024-02-09,11.7,
2024-02-10,12.0,
2024-02-11,12.0,
2024-02-12,11.9,
2024-02-13,11.9,
2024-02-14,11.9,
2024-02-15,12.0,
2024-02-16,12.0,]
2024-02-17,11.9,
2024-02-18,11.7,
2024-02-19,12.0,
2024-02-20,11.8,
2024-02-21,11.6,
2024-02-22,11.3,
2024-02-23,11.1,
2024-02-24,11.4,
2024-02-25,12.1,
2024-02-26,12.4,)
2024-02-27,12.3,)
2024-02-28,12.2,
2024-02-29,12.3,
2024-03-01,12.1,
2024-03-02,11.8,]
2024-03-03,11.8,
2024-03-04,11.9,
2024-03-05,12.1,
2024-03-06,11.8,
2024-03-07,11.7,
2024-03-08,11.7,
2024-03-09,11.8,
2024-03-10,11.9,
2024-03-11,11.8,
2024-03-12,11.8,
2024-03-13,11.9,
2024-03-14,11.9,
2024-03-15,12.2,
2024-03-16,12.5,
2024-03-17,12.4,
2024-03-18,12.2,
2024-03-19,12.1,
2024-03-20,11.9,
2024-03-21,11.9,
2024-03-22,11.9,
2024-03-23,12.3,
2024-03-24,12.0,
2024-03-25,12.1,
2024-03-26,12.2,
2024-03-27,12.5,]
2024-03-28,12.7,
2024-03-29,12.6,
2024-03-30,12.8,
2024-03-31,12.8,
2024-04-01,,x
2024-04-02,13.2,
2024-04-03,13.3,
2024-04-04,13.8,
2024-04-05,14.0,
2024-04-06,13.8,
2024-04-07,14.0,
2024-04-08,13.9,
2024-04-09,13.9,
2024-04-10,13.9,
2024-04-11,13.9,
2024-04-12,14.6,
2024-04-13,14.8,
2024-04-14,14.6,
2024-04-15,14.3,)
2024-04-16,14.5,
2024-04-17,14.6,
2024-04-18,14.9,
2024-04-19,15.2,
2024-04-20,14.9,
2024-04-21,14.8,
2024-04-22,14.8,
2024-04-23,14.7,
2024-04-24,14.8,
2024-04-25,15.0,
2024-04-26,15.0,
2024-04-27,15.4,
2024-04-28,15.4,
2024-04-29,15.0,
2024-04-30,15.6,
2024-05-01,15.0,
2024-05-02,15.2,
2024-05-03,15.9,
2024-05-04,15.9,
2024-05-05,15.6,
2024-05-06,15.7,
2024-05-07,15.4,
2024-05-08,15.5,
2024-05-09,15.7,
2024-05-10,15.9,
2024-05-11,15.7,
2024-05-12,16.2,]
2024-05-13,16.1,
2024-05-14,16.7,
2024-05-15,16.5,
2024-05-16,16.2,
2024-05-17,16.5,
2024-05-18,17.2,
2024-05-19,17.7,
2024-05-20,17.6,
2024-05-21,17.3,
2024-05-22,17.4,
2024-05-23,17.4,
2024-05-24,16.9,
2024-05-25,17.1,
2024-05-26,17.4,
2024-05-27,17.7,
2024-05-28,17.4,
2024-05-29,17.8,
2024-05-30,17.6,
2024-05-31,18.0,
2024-06-01,17.9,
2024-06-02,17.8,)
2024-06-03,17.9,
2024-06-04,17.7,
2024-06-05,17.9,
2024-06-06,18.0,
2024-06-07,18.3,
2024-06-08,17.8,]
2024-06-09,18.0,
2024-06-10,18.2,
2024-06-11,18.2,
2024-06-12,18.9,
2024-06-13,19.7,
2024-06-14,20.1,
2024-06-15,21.0,
2024-06-16,20.7,
2024-06-17,20.2,
2024-06-18,20.3,
2024-06-19,19.6,
2024-06-20,19.3,
2024-06-21,19.5,
2024-06-22,18.5,
2024-06-23,18.2,
2024-06-24,17.7,
2024-06-25,17.8,)
2024-06-26,17.8,
2024-06-27,17.4,
2024-06-28,18.5,
2024-06-29,18.1,
2024-06-30,17.9,
2024-07-01,19.0,
2024-07-02,,x
2024-07-03,18.2,
2024-07-04,18.8,
2024-07-05,18.3,
2024-07-06,18.2,
2024-07-07,17.9,
2024-07-08,18.1,
2024-07-09,18.0,
2024-07-10,17.6,]
2024-07-11,18.6,
2024-07-12,18.8,
2024-07-13,19.2,
2024-07-14,20.2,
2024-07-15,21.1,
2024-07-16,21.5,
2024-07-17,22.2,)
2024-07-18,21.5,
2024-07-19,20.1,
2024-07-20,19.6,
2024-07-21,19.4,
2024-07-22,19.0,]
2024-07-23,19.3,]
2024-07-24,18.7,
2024-07-25,19.0,
2024-07-26,19.3,
2024-07-27,19.7,
2024-07-28,19.6,
2024-07-29,20.2,
2024-07-30,20.5,
2024-07-31,20.5,
2024-08-01,20.0,
2024-08-02,20.4,
2024-08-03,20.4,
2024-08-04,20.3,
2024-08-05,21.8,
2024-08-06,23.0,]
2024-08-07,21.4,
2024-08-08,21.1,
2024-08-09,20.8,
2024-08-10,21.6,
2024-08-11,22.6,)
2024-08-12,25.3,
2024-08-13,27.8,
2024-08-14,28.8,
2024-08-15,29.6,
2024-08-16,29.5,
2024-08-17,29.4,
2024-08-18,29.2,
2024-08-19,29.1,
2024-08-20,28.6,
2024-08-21,27.2,
2024-08-22,26.0,
2024-08-23,24.8,
2024-08-24,24.1,
2024-08-25,24.6,)
2024-08-26,27.2,
2024-08-27,27.8,
2024-08-28,27.8,
2024-08-29,27.4,
2024-08-30,27.4,
2024-08-31,27.3,
2024-09-01,27.5,
2024-09-02,27.0,
2024-09-03,26.9,
2024-09-04,27.0,
2024-09-05,27.2,
2024-09-06,27.0,
2024-09-07,27.7,
2024-09-08,27.5,
2024-09-09,27.5,
2024-09-10,28.0,
2024-09-11,28.1,
2024-09-12,28.3,)
2024-09-13,28.7,
2024-09-14,28.5,
2024-09-15,28.4,)
2024-09-16,28.1,]
2024-09-17,28.3,
2024-09-18,28.0,
2024-09-19,27.0,
2024-09-20,26.3,
2024-09-21,25.6,]
2024-09-22,25.3,
2024-09-23,25.5,
2024-09-24,25.8,
2024-09-25,25.8,
2024-09-26,26.0,
2024-09-27,26.1,
2024-09-28,26.0,
2024-09-29,26.0,]
2024-09-30,26.2,
2024-10-01,25.9,]
2024-10-02,25.3,
2024-10-03,24.8,
2024-10-04,24.5,
2024-10-05,24.2,
2024-10-06,23.9,
2024-10-07,23.6,
2024-10-08,23.6,
2024-10-09,23.6,
2024-10-10,23.7,
2024-10-11,23.8,
2024-10-12,,x
2024-10-13,,x
2024-10-14,23.4,
2024-10-15,23.2,
2024-10-16,22.7,]
2024-10-17,,x
2024-10-18,21.9,
2024-10-19,21.7,
2024-10-20,21.1,
2024-10-21,21.2,
2024-10-22,21.4,
2024-10-23,21.3,
2024-10-24,21.2,
2024-10-25,21.2,
2024-10-26,21.4,
2024-10-27,21.3,
2024-10-28,21.3,
2024-10-29,21.2,
2024-10-30,21.3,
2024-10-31,21.0,)
2024-11-01,20.9,
2024-11-02,20.8,
2024-11-03,20.8,
2024-11-04,20.8,
2024-11-05,20.8,
2024-11-06,20.5,
2024-11-07,20.8,
2024-11-08,20.9,
2024-11-09,20.7,
2024-11-10,20.6,
2024-11-11,20.3,
2024-11-12,20.3,
2024-11-13,20.0,
2024-11-14,19.8,
2024-11-15,19.7,
2024-11-16,19.6,
2024-11-17,19.4,
2024-11-18,19.0,
2024-11-19,19.0,
2024-11-20,18.9,
2024-11-21,18.8,
2024-11-22,18.6,
2024-11-23,18.6,
2024-11-24,19.0,
2024-11-25,18.7,
2024-11-26,18.4,
2024-11-27,18.0,
2024-11-28,17.5,
2024-11-29,17.1,
2024-11-30,16.8,
2024-12-01,16.7,
2024-12-02,16.6,
2024-12-03,16.6,
2024-12-04,16.4,
2024-12-05,16.5,
2024-12-06,16.2,
2024-12-07,16.0,
2024-12-08,15.9,
2024-12-09,15.7,)
2024-12-10,15.6,
2024-12-11,15.4,
2024-12-12,15.3,
2024-12-13,15.2,
2024-12-14,15.0,
2024-12-15,14.9,
2024-12-16,14.8,
2024-12-17,14.8,
2024-12-18,14.7,
2024-12-19,14.6,
2024-12-20,14.7,
2024-12-21,14.4,
2024-12-22,14.2,
2024-12-23,14.2,
2024-12-24,14.0,
2024-12-25,13.9,
2024-12-26,13.7,
2024-12-27,13.6,
2024-12-28,13.4,
2024-12-29,13.4,
2024-12-30,13.3,
2024-12-31,13.4,
2025-01-01,13.2,
2025-01-02,13.3,
2025-01-03,13.0,
2025-01-04,13.0,
2025-01-05,12.7,
2025-01-06,12.6,
2025-01-07,12.4,
2025-01-08,12.2,
2025-01-09,12.0,
2025-01-10,11.8,
2025-01-11,11.6,
2025-01-12,11.5,
2025-01-13,11.3,
2025-01-14,11.3,
2025-01-15,11.0,
2025-01-16,10.8,
2025-01-17,10.8,
2025-01-18,10.7,
2025-01-19,10.7,
2025-01-20,10.7,
2025-01-21,10.7,
2025-01-22,10.6,
2025-01-23,10.7,
2025-01-24,11.0,
2025-01-25,11.4,
2025-01-26,11.1,
2025-01-27,10.9,
2025-01-28,10.8,
2025-01-29,11.0,
2025-01-30,11.0,
2025-01-31,11.2,
2025-02-01,11.0,
2025-02-02,10.8,
2025-02-03,10.8,
2025-02-04,10.7,
2025-02-05,10.6,
2025-02-06,10.5,
2025-02-07,10.3,
2025-02-08,10.4,
2025-02-09,10.4,
2025-02-10,10.3,
2025-02-11,10.4,
2025-02-12,10.4,
2025-02-13,10.6,
2025-02-14,10.4,
2025-02-15,10.5,
2025-02-16,10.4,
2025-02-17,10.3,
2025-02-18,10.1,
2025-02-19,10.0,
2025-02-20,10.0,
2025-02-21,9.8,
2025-02-22,9.7,
2025-02-23,9.5,
2025-02-24,9.5,
2025-02-25,9.3,
2025-02-26,9.4,
2025-02-27,9.6,
2025-02-28,9.8,
2025-03-01,10.0,
2025-03-02,10.2,
2025-03-03,9.8,
2025-03-04,9.4,
2025-03-05,9.7,
2025-03-06,9.7,
2025-03-07,9.6,
2025-03-08,9.6,
2025-03-09,9.8,
2025-03-10,9.9,
2025-03-11,10.0,
2025-03-12,10.1,
2025-03-13,10.1,
2025-03-14,10.2,
2025-03-15,10.1,
2025-03-16,9.8,
2025-03-17,10.0,
2025-03-18,10.1,
2025-03-19,10.4,
2025-03-20,10.2,)
2025-03-21,10.1,
2025-03-22,10.2,
2025-03-23,10.6,
2025-03-24,10.5,
2025-03-25,10.5,
2025-03-26,11.0,
2025-03-27,10.7,
2025-03-28,10.6,
2025-03-29,10.5,
2025-03-30,10.5,
2025-03-31,10.5,
2025-04-01,10.5,
2025-04-02,10.6,
2025-04-03,10.7,
2025-04-04,10.8,
2025-04-05,10.5,
2025-04-06,10.6,
2025-04-07,10.6,
2025-04-08,10.6,
2025-04-09,11.0,
2025-04-10,11.1,
2025-04-11,11.2,
2025-04-12,10.9,
2025-04-13,10.9,
2025-04-14,11.0,
2025-04-15,10.8,
2025-04-16,11.2,
2025-04-17,11.1,
2025-04-18,11.6,
2025-04-19,11.6,
2025-04-20,11.4,
2025-04-21,11.8,
2025-04-22,11.9,
2025-04-23,12.0,
2025-04-24,12.2,
2025-04-25,12.1,
2025-04-26,12.3,
2025-04-27,12.4,
2025-04-28,12.5,
2025-04-29,12.4,
2025-04-30,13.1,
2025-05-01,12.7,
2025-05-02,12.8,
2025-05-03,12.6,
2025-05-04,13.0,
2025-05-05,12.8,
2025-05-06,12.9,
2025-05-07,13.6,
2025-05-08,14.0,
2025-05-09,13.4,
2025-05-10,13.2,
2025-05-11,13.4,
2025-05-12,13.7,
2025-05-13,13.9,
2025-05-14,14.3,
2025-05-15,13.9,
2025-05-16,13.9,
2025-05-17,14.2,
2025-05-18,14.4,
2025-05-19,14.7,
2025-05-20,15.1,
2025-05-21,14.9,
2025-05-22,14.9,
2025-05-23,15.0,
2025-05-24,14.9,
2025-05-25,14.8,
2025-05-26,15.1,
2025-05-27,15.5,
2025-05-28,15.8,
2025-05-29,15.7,
2025-05-30,15.6,
2025-05-31,16.0,
2025-06-01,16.7,
2025-06-02,15.9,
2025-06-03,16.2,
2025-06-04,16.2,
2025-06-05,16.8,
2025-06-06,16.7,
2025-06-07,17.2,
2025-06-08,17.3,
2025-06-09,16.9,
2025-06-10,16.4,
2025-06-11,16.7,
2025-06-12,16.3,
2025-06-13,16.5,
2025-06-14,16.3,
2025-06-15,17.1,
2025-06-16,16.4,
2025-06-17,17.2,
2025-06-18,17.0,
2025-06-19,18.1,
2025-06-20,17.6,
2025-06-21,17.2,
2025-06-22,17.6,
2025-06-23,17.6,
2025-06-24,16.8,
2025-06-25,17.3,
2025-06-26,17.1,
2025-06-27,17.5,
2025-06-28,17.4,
2025-06-29,18.0,
2025-06-30,18.3,
2025-07-01,18.8,
2025-07-02,20.0,
2025-07-03,20.3,
2025-07-04,20.4,
2025-07-05,20.6,
2025-07-06,20.7,
2025-07-07,20.8,
2025-07-08,20.9,
2025-07-09,21.6,
2025-07-10,22.8,
2025-07-11,23.6,
2025-07-12,23.8,
2025-07-13,23.9,
2025-07-14,23.4,
2025-07-15,22.7,
2025-07-16,22.2,
2025-07-17,22.6,
2025-07-18,23.1,
2025-07-19,23.6,
2025-07-20,24.8,
2025-07-21,24.9,
2025-07-22,24.4,
2025-07-23,24.3,
2025-07-24,23.2,
2025-07-25,24.0,
2025-07-26,23.7,
2025-07-27,24.5,
2025-07-28,24.8,
2025-07-29,25.1,
2025-07-30,25.7,
2025-07-31,26.6,
2025-08-01,27.4,
2025-08-02,28.2,
2025-08-03,27.6,
2025-08-04,27.0,
2025-08-05,26.8,
2025-08-06,25.7,
2025-08-07,25.0,
2025-08-08,23.8,
2025-08-09,23.2,
2025-08-10,23.6,
2025-08-11,23.1,
2025-08-12,22.7,
2025-08-13,23.4,
2025-08-14,22.2,
2025-08-15,22.4,
2025-08-16,22.9,
2025-08-17,22.9,
2025-08-18,23.3,
2025-08-19,22.9,
2025-08-20,22.0,
2025-08-21,21.8,
2025-08-22,22.0,
2025-08-23,20.5,
2025-08-24,20.2,
2025-08-25,19.9,
2025-08-26,19.6,
2025-08-27,20.1,
2025-08-28,20.0,
2025-08-29,20.9,
2025-08-30,21.8,
2025-08-31,22.9,
2025-09-01,23.2,
2025-09-02,23.6,
2025-09-03,23.7,
2025-09-04,25.3,
2025-09-05,25.5,
2025-09-06,25.6,
2025-09-07,23.2,
2025-09-08,22.0,
2025-09-09,20.2,
2025-09-10,20.4,
2025-09-11,21.1,
2025-09-12,25.3,
2025-09-13,25.4,
2025-09-14,25.1,
2025-09-15,25.5,
2025-09-16,24.7,
2025-09-17,24.3,
2025-09-18,22.8,
2025-09-19,23.6,
2025-09-20,23.6,
2025-09-21,22.7,
2025-09-22,22.7,
2025-09-23,23.3,
2025-09-24,24.1,]
2025-09-25,23.7,
2025-09-26,23.2,
2025-09-27,23.0,
2025-09-28,23.2,
2025-09-29,23.2,
2025-09-30,23.2,
2025-10-01,23.4,
2025-10-02,23.0,
2025-10-03,23.2,
2025-10-04,23.2,)
2025-10-05,23.6,
2025-10-06,22.8,
2025-10-07,22.3,
2025-10-08,21.6,
2025-10-09,22.0,
2025-10-10,23.7,
2025-10-11,,x
2025-10-12,,null
2025-10-13,,x
2025-10-14,22.5,
2025-10-15,22.4,
2025-10-16,22.8,
2025-10-17,22.9,
2025-10-18,22.7,
2025-10-19,22.5,
2025-10-20,22.3,
2025-10-21,22.0,
2025-10-22,21.8,
2025-10-23,21.6,
2025-10-24,21.5,)
2025-10-25,21.5,
2025-10-26,,x
2025-10-27,,x
2025-10-28,21.0,
2025-10-29,20.8,
2025-10-30,20.7,
2025-10-31,20.8,
2025-11-01,20.4,
2025-11-02,20.0,
2025-11-03,19.3,
2025-11-04,19.1,
2025-11-05,18.7,
2025-11-06,18.7,
2025-11-07,18.5,
2025-11-08,18.5,
2025-11-09,18.5,
2025-11-10,18.5,
2025-11-11,18.4,
2025-11-12,18.3,
2025-11-13,18.3,
2025-11-14,18.1,
2025-11-15,18.1,
2025-11-16,18.1,
2025-11-17,17.8,
2025-11-18,17.5,
2025-11-19,17.4,
2025-11-20,17.2,
2025-11-21,17.1,
2025-11-22,17.2,
2025-11-23,17.2,
2025-11-24,17.3,]
2025-11-25,17.2,]
2025-11-26,17.2,
2025-11-27,17.1,)
2025-11-28,16.9,)
2025-11-29,16.7,]
2025-11-30,,x
2025-12-01,16.5,
2025-12-02,16.4,]
2025-12-03,16.2,
2025-12-04,15.9,
2025-12-05,15.7,
2025-12-06,15.6,
2025-12-07,15.6,
2025-12-08,15.4,
2025-12-09,15.4,]
2025-12-10,15.3,
2025-12-11,15.2,)
2025-12-12,15.1,
2025-12-13,15.0,
2025-12-14,14.8,
2025-12-15,14.7,]
2025-12-16,14.6,
2025-12-17,14.5,
2025-12-18,14.7,)
2025-12-19,15.3,
2025-12-20,15.9,
2025-12-21,15.4,
2025-12-22,15.3,
2025-12-23,15.1,
2025-12-24,15.1,)
2025-12-25,15.1,
2025-12-26,14.7,
2025-12-27,14.3,
2025-12-28,14.2,
2025-12-29,14.1,
2025-12-30,14.0,
2025-12-31,13.7,
2026-01-01,13.5,
2026-01-02,13.5,)
2026-01-03,13.5,
2026-01-04,13.5,
2026-01-05,13.5,
2026-01-06,13.3,
2026-01-07,13.2,
2026-01-08,13.2,
2026-01-09,13.0,
2026-01-10,12.6,
2026-01-11,12.5,
2026-01-12,12.3,
2026-01-13,12.0,
2026-01-14,12.3,
2026-01-15,12.1,
2026-01-16,12.1,
2026-01-17,12.4,]
2026-01-18,12.7,
2026-01-19,12.7,
2026-01-20,12.7,
2026-01-21,12.5,
2026-01-22,12.5,
2026-01-23,12.5,
2026-01-24,12.3,
2026-01-25,12.9,
2026-01-26,13.4,
2026-01-27,13.4,
2026-01-28,13.2,
2026-01-29,13.0,)
2026-01-30,12.7,
2026-01-31,12.5,
2026-02-01,12.4,]
2026-02-02,12.5,
2026-02-03,12.3,)
2026-02-04,12.1,
2026-02-05,12.2,
2026-02-06,12.3,
2026-02-07,12.0,
2026-02-08,11.9,
2026-02-09,11.9,
2026-02-10,11.6,
2026-02-11,11.5,
2026-02-12,11.6,
2026-02-13,12.4,
2026-02-14,13.3,
2026-02-15,13.1,
2026-02-16,12.8,
2026-02-17,12.6,
2026-02-18,12.4,
2026-02-19,12.3,
2026-02-20,12.3,
2026-02-21,12.4,
2026-02-22,12.3,
2026-02-23,12.2,
2026-02-24,12.1,)
2026-02-25,12.0,
2026-02-26,12.3,
2026-02-27,12.2,
2026-02-28,12.1,
2026-03-01,12.0,)
2026-03-02,11.8,
2026-03-03,11.7,
2026-03-04,11.8,
2026-03-05,11.9,
2026-03-06,11.9,
2026-03-07,11.7,
2026-03-08,11.7,)
2026-03-09,11.8,
2026-03-10,11.7,
2026-03-11,11.7,
2026-03-12,11.8,
2026-03-13,11.7,
2026-03-14,11.7,
2026-03-15,11.8,]
2026-03-16,12.0,
2026-03-17,12.2,
2026-03-18,12.1,
2026-03-19,12.3,
2026-03-20,12.4,]
2026-03-21,12.6,
2026-03-22,12.6,)
2026-03-23,12.7,
2026-03-24,12.7,
2026-03-25,12.8,
2026-03-26,13.0,
2026-03-27,13.1,
2026-03-28,13.4,
2026-03-29,13.8,
2026-03-30,13.7,
2026-03-31,13.7,
2026-04-01,13.6,
2026-04-02,13.5,
2026-04-03,13.8,
2026-04-04,13.8,
2026-04-05,13.7,
2026-04-06,13.7,
2026-04-07,13.8,
2026-04-08,14.2,
2026-04-09,13.7,
2026-04-10,13.8,
2026-04-11,13.9,
2026-04-12,13.9,
2026-04-13,13.9,
2026-04-14,13.8,
2026-04-15,14.1,
2026-04-16,13.9,
2026-04-17,13.9,
2026-04-18,14.1,
2026-04-19,14.0,
2026-04-20,14.3,
2026-04-21,14.2,
2026-04-22,14.1,
2026-04-23,14.0,
2026-04-24,14.1,)
2026-04-25,14.3,
2026-04-26,14.6,
2026-04-27,14.8,
2026-04-28,14.5,
2026-04-29,14.4,
2026-04-30,14.4,
2026-05-01,14.4,
2026-05-02,14.6,]
2026-05-03,,x
2026-05-04,,x
2026-05-05,14.8,
2026-05-06,14.9,
2026-05-07,15.1,
2026-05-08,14.7,)
2026-05-09,14.9,
2026-05-10,15.8,
2026-05-11,16.7,
2026-05-12,16.1,
2026-05-13,16.2,
2026-05-14,15.8,
2026-05-15,15.6,
2026-05-16,16.1,
2026-05-17,16.2,
2026-05-18,16.3,
2026-05-19,16.9,
2026-05-20,15.8,
2026-05-21,16.3,
2026-05-22,16.3,
2026-05-23,16.3,)
2026-05-24,16.9,
2026-05-25,17.7,
2026-05-26,18.2,
2026-05-27,17.9,
2026-05-28,18.0,
2026-05-29,18.1,
2026-05-30,18.2,
2026-05-31,18.3,
2026-06-01,17.8,
2026-06-02,17.7,
2026-06-03,18.3,
2026-06-04,17.7,
2026-06-05,17.9,
2026-06-06,17.6,]
2026-06-07,18.1,
2026-06-08,18.5,
2026-06-09,18.8,
2026-06-10,18.9,
2026-06-11,18.7,
2026-06-12,18.7,
2026-06-13,18.5,
2026-06-14,18.6,
2026-06-15,18.2,
2026-06-16,18.4,
2026-06-17,18.4,
2026-06-18,18.9,
2026-06-19,18.4,
2026-06-20,18.4,
2026-06-21,19.1,
2026-06-22,18.8,
2026-06-23,19.1,
2026-06-24,19.7,
2026-06-25,20.6,)
2026-06-26,20.6,
2026-06-27,20.6,
2026-06-28,20.9,
2026-06-29,21.0,
2026-06-30,20.7,
2026-07-01,20.1,
2026-07-02,20.5,
2026-07-03,20.1,]
2026-07-04,20.4,
2026-07-05,20.0,
2026-07-06,20.7,]
2026-07-07,20.7,
2026-07-08,20.9,
2026-07-09,21.8,
2026-07-10,22.4,
2026-07-11,22.8,
2026-07-12,22.7,
2026-07-13,21.7,
2026-07-14,20.6,
2026-07-15,20.0,
2026-07-16,20.0,
2026-07-17,19.3,
2026-07-18,19.1,
2026-07-19,19.7,
2026-07-20,20.0,]
2026-07-21,21.6,
2026-07-22,22.2,
2026-07-23,23.4,
2026-07-24,23.0,
2026-07-25,23.2,
2026-07-26,22.2,
2026-07-27,21.5,
2026-07-28,21.5,
2026-07-29,21.1,
2026-07-30,20.5,
2026-07-31,20.5,
